-0.6929809
-0.68871385
-0.6658717
-0.6527567
-0.64623946
-0.6418503
-0.642007
-0.6403439
-0.631375
-0.6368598
-0.63148355
-0.6317182
-0.63230574
-0.62869745
-0.6273005
-0.6313766
-0.6277717
-0.6295489
-0.62748986
-0.6264315
-0.63143474
-0.62885475
-0.6333905
-0.63176334
-0.6333733
-0.6321979
-0.63327044
-0.6292733
-0.6267553
-0.62470967
-0.6290665
-0.6255822
-0.62445426
-0.6293394
-0.62685937
-0.62263197
-0.62469715
-0.627542
-0.6254514
-0.6239679
-0.6295859
-0.624059
-0.6292214
-0.6253345
-0.6240024
-0.63031375
-0.6231318
-0.63214695
-0.62140703
-0.6267402
-0.6262942
-0.6242656
-0.63158107
-0.6241172
-0.62896633
-0.6239789
-0.6220444
-0.6274589
-0.62766755
-0.6245604
-0.62861574
-0.62966514
-0.6293168
-0.6258598
-0.62337106
-0.628058
-0.62750477
-0.6327929
-0.6250041
-0.62819195
-0.623272
-0.62888247
-0.6188435
-0.62460774
-0.62949514
-0.6252623
-0.6229482
-0.6283962
-0.61942494
-0.6229478
-0.6255291
-0.62439215
-0.6249741
-0.625829
-0.62721807
-0.6240819
-0.6274708
-0.6257779
-0.6194163
-0.6197221
-0.62952685
-0.6208087
-0.6240703
-0.62037235
-0.6199032
-0.62796825
-0.6227853
-0.6203578
-0.62163705
-0.62419605
-0.6266106
-0.6232962
-0.62469655
-0.6196121
-0.62212175
-0.6198931
-0.62662137
-0.6260286
-0.6258823
-0.6238998
-0.62519
-0.62562394
-0.62124074
-0.6243231
-0.6221478
-0.62091476
-0.625814
-0.626359
-0.62560743
-0.62077767
-0.6222489
-0.6250516
-0.62119496
-0.6226839
-0.62680304
-0.6189349
-0.62551147
-0.62345093
-0.6224802
-0.6249385
-0.6249596
-0.6214189
-0.6225236
-0.61855704
-0.63004065
-0.62070215
-0.62437177
-0.62033415
-0.6249008
-0.6230138
-0.6216918
-0.6232038
-0.62269485
-0.62430906
-0.619977
-0.6178642
-0.6237478
-0.626679
-0.6225378
-0.62608635
-0.6207236
-0.6238926
-0.62300044
-0.62573075
-0.617416
-0.6214509
-0.62213814
-0.62429136
-0.625719
-0.6234281
-0.623007
-0.62128365
-0.62505555
-0.62646264
-0.62623477
-0.61600965
-0.6188186
-0.62413883
-0.6251017
-0.6233763
-0.62587404
-0.626686
-0.62009794
-0.621864
-0.6225541
-0.6216819
-0.6238926
-0.62805897
-0.6217525
-0.6194791
-0.6239643
-0.6219883
-0.62463415
-0.62627345
-0.6172239
-0.61618567
-0.6223129
-0.6240657
-0.62006056
-0.62303865
-0.6176194
-0.6246044
-0.6244293
-0.6196529
-0.6225873
-0.6206938
-0.61841995
-0.6174492
-0.61799514
-0.62266684
-0.6197976
-0.62060547
-0.6186586
-0.62738293
-0.62257046
-0.622976
-0.616369
-0.61880606
-0.6210781
-0.622589
-0.6227946
-0.6244856
-0.6241901
-0.6204495
-0.62119013
-0.6134149
-0.6302889
-0.6251816
-0.6201573
-0.62258047
-0.61943674
-0.61682814
-0.62231976
-0.61632574
-0.62276286
-0.62386465
-0.6196066
-0.61930585
-0.61992973
-0.6171127
-0.61998135
-0.62433475
-0.6193417
-0.62273014
-0.62063575
-0.6197342
-0.6172271
-0.6242937
-0.6143278
-0.62074786
-0.617538
-0.61758184
-0.6163602
-0.62493134
-0.62350905
-0.62546986
-0.6197103
-0.6244721
-0.6167419
-0.62040514
-0.62186354
-0.61867595
-0.61645293
-0.6224586
-0.61990094
-0.6230913
-0.6252687
-0.6241903
-0.6220706
-0.61954075
-0.6213436
-0.62522334
-0.61919266
-0.6274142
-0.6278489
-0.6245208
-0.6232059
-0.6232158
-0.62019706
-0.6180298
-0.62419796
-0.61721736
-0.6201732
-0.621645
-0.6232035
-0.61861634
-0.6200697
-0.62172073
-0.62116814
-0.61994994
-0.62048143
-0.62193364
-0.6201576
-0.61911595
-0.6171282
-0.62039995
-0.62046945
-0.6247416
-0.6183583
-0.6204979
-0.6175632
-0.6217164
-0.61806697
-0.6189972
-0.6190868
-0.62094396
-0.61680454
-0.62060326
-0.6199991
-0.62652755
-0.620512
-0.6189897
-0.62390876
-0.62058055
-0.61831236
-0.62208354
-0.61951
-0.62227607
-0.61746645
-0.6237526
-0.6208771
-0.6165821
-0.61724305
-0.61843187
-0.6180272
-0.62348557
-0.6211543
-0.6183832
-0.61676353
-0.62535965
-0.62077457
-0.621151
-0.6229501
-0.61845076
-0.62489516
-0.62089205
-0.61495477
-0.6195727
-0.6230496
-0.6247566
-0.62124217
-0.623168
-0.6200634
-0.6233829
-0.6170039
-0.6255699
-0.621576
-0.62401336
-0.61711884
-0.61454636
-0.62358415
-0.62434417
-0.6230821
-0.6227906
-0.62562567
-0.6226154
-0.6182242
-0.62372416
-0.62167835
-0.625031
-0.6208177
-0.61776155
-0.61735433
-0.6242171
-0.62021315
-0.61866194
-0.6124476
-0.6223008
-0.62490445
-0.6200611
-0.6248725
-0.6212711
-0.61845917
-0.6226719
-0.6174792
-0.6244371
-0.62094617
-0.6151966
-0.6214647
-0.623695
-0.6228417
-0.6167006
-0.622146
-0.6225377
-0.6249048
-0.62045705
-0.62064844
-0.6189944
-0.61778915
-0.62010914
-0.6263078
-0.62152225
-0.62189955
-0.61648214
-0.61987865
-0.62197447
-0.6214626
-0.61958593
-0.6226779
-0.6199901
-0.6119849
-0.6181803
-0.61921614
-0.6210294
-0.62251365
-0.61975867
-0.6212348
-0.62359834
-0.62325126
-0.61938256
-0.6202897
-0.62008816
-0.62502086
-0.6222876
-0.6238666
-0.62077457
-0.6237968
-0.6158121
-0.618133
-0.6212954
-0.6205798
-0.622922
-0.62178737
-0.6162073
-0.621953
-0.62207365
-0.6225531
-0.6231001
-0.62235826
-0.61927414
-0.62037766
-0.6185113
-0.6131367
-0.62430274
-0.61965233
-0.6188524
-0.6209873
-0.6224893
-0.6179029
-0.6245294
-0.6245452
-0.618008
-0.617375
-0.6176945
-0.62241906
-0.62214106
-0.6172104
-0.6221062
-0.62133723
-0.6207369
-0.6209222
-0.6203556
-0.6168015
-0.6169471
-0.6211239
-0.6223379
-0.6206899
-0.61936986
-0.61941373
-0.6211436
-0.6209285
-0.62799597
-0.62266225
-0.6155385
-0.6174672
-0.61944586
-0.6181882
-0.62630135
-0.621648
-0.6210339
-0.62253475
-0.6220694
-0.616033
-0.6196136
-0.6202147
-0.6235282
-0.6247799
-0.6232401
-0.62359506
-0.6244522
-0.61987835
-0.6183767
-0.62271553
-0.61570436
-0.6196208
-0.6227896
-0.6247162
-0.6193206
-0.61487013
-0.62588966
-0.6173428
-0.61723757
-0.62308824
-0.6217405
-0.61283773
-0.62644756
-0.6219566
-0.62171954
-0.62493193
-0.62034625
-0.62008345
-0.62265414
-0.62211573
-0.6206084
-0.6204467
-0.6181115
-0.6173009
-0.61940694
-0.61484957
-0.62040734
