-0.65034145
-0.62096876
-0.6096692
-0.60710144
-0.6098156
-0.61379004
-0.6096465
-0.6062884
-0.6121641
-0.60825765
-0.6113159
-0.6093029
-0.6110954
-0.6075592
-0.6076504
-0.6047328
-0.60833335
-0.6050269
-0.6085477
-0.6032145
-0.60642827
-0.6096973
-0.61231685
-0.6093963
-0.6186688
-0.61233914
-0.602666
-0.61042154
-0.6107968
-0.61666757
-0.60245687
-0.6063069
-0.6065511
-0.6085385
-0.6094971
-0.60699356
-0.60385287
-0.60427845
-0.6109668
-0.6092475
-0.6069301
-0.61071515
-0.6134733
-0.6136581
-0.61160856
-0.60803336
-0.6081183
-0.6068842
-0.60827667
-0.60824126
-0.6097737
-0.6077059
-0.60910743
-0.6074515
-0.6142892
-0.6123462
-0.61086243
-0.60826814
-0.6070335
-0.6072135
-0.61362725
-0.60549647
-0.6091144
-0.60820645
-0.6052946
-0.61155176
-0.61072254
-0.60987884
-0.6061841
-0.609436
-0.6029308
-0.6095473
-0.605929
-0.60696334
-0.61394066
-0.6078349
-0.6094187
-0.6084655
-0.6019513
-0.61027163
-0.60820955
-0.6091225
-0.6044331
-0.6019205
-0.6098697
-0.61000776
-0.60606503
-0.6049968
-0.6054587
-0.6074112
-0.6103565
-0.6124181
-0.6092931
-0.61270976
-0.60477084
-0.6104672
-0.6137836
-0.6128357
-0.6133115
-0.6057717
-0.6122949
-0.60668755
-0.6024858
-0.6082947
-0.6105694
-0.61165
-0.6053196
-0.6073114
-0.6101268
-0.6088015
-0.6140324
-0.6056567
-0.6112433
-0.6093567
-0.6092313
-0.60561013
-0.60673904
-0.6123383
-0.6036098
-0.60622007
-0.61156976
-0.60681903
-0.60807335
-0.61006814
-0.60841113
-0.6130258
-0.609498
-0.6051561
-0.6130419
-0.6052612
-0.6058644
-0.60594785
-0.6148287
-0.60873264
-0.60636127
-0.6102347
-0.6084823
-0.6096825
-0.6117966
-0.6089781
-0.60824555
-0.60758466
-0.6028732
-0.6106419
-0.6076475
-0.60848296
-0.6051172
-0.60375947
-0.6098562
-0.60732484
-0.6112288
-0.61370856
-0.60648817
-0.60946476
-0.610857
-0.6080784
-0.614368
-0.6115963
-0.6083485
-0.6019065
-0.60970855
-0.61186105
-0.6061243
-0.616788
-0.6023002
-0.60627156
-0.6109181
-0.6072015
-0.61508554
-0.6139935
-0.61300683
-0.6065416
-0.6110495
-0.60887516
-0.60925555
-0.6055548
-0.6071828
-0.6141746
-0.61324024
-0.60935915
-0.6163344
-0.6101934
-0.606439
-0.60859334
-0.6042233
-0.605499
-0.6034217
-0.6034361
-0.60778517
-0.6049459
-0.60696876
-0.606172
-0.60560405
-0.60524565
-0.6093499
-0.61102444
-0.60810727
-0.60502416
-0.6060378
-0.6065244
-0.6061522
-0.6083255
-0.6120225
-0.61376816
-0.60486907
-0.6090216
-0.6101427
-0.60663444
-0.6080046
-0.6119846
-0.6046635
-0.6048088
-0.60604006
-0.61331224
-0.6059493
-0.6081868
-0.6041829
-0.61134076
-0.6037529
-0.61630803
-0.61628765
-0.61238545
-0.6128868
-0.6029773
-0.61591846
-0.60503125
-0.6090128
-0.60307634
-0.61010736
-0.6118717
-0.6099259
-0.6053065
-0.6074646
-0.60653543
-0.61051184
-0.6107599
-0.6144826
-0.60606074
-0.6028073
-0.6103847
-0.6128519
-0.6108934
-0.61180526
-0.6122124
-0.61121553
-0.60616624
-0.60810447
-0.605327
-0.6054162
-0.6032469
-0.60837513
-0.6057136
-0.6068956
-0.60690457
-0.6089276
-0.607501
-0.60545063
-0.60448146
-0.6054548
-0.6088712
-0.6096309
-0.60394
-0.6123818
-0.60992146
-0.61466956
-0.6074683
-0.61183804
-0.6094878
-0.60983884
-0.6069397
-0.61217386
-0.6121196
-0.61229825
-0.60725695
-0.61410266
-0.60672796
-0.608611
-0.60383373
-0.6085428
-0.6104607
-0.6017006
-0.6081134
-0.6081935
-0.60486233
-0.60476047
-0.6164421
-0.60780805
-0.6114835
-0.6091419
-0.6069153
-0.61168927
-0.6131269
-0.60968554
-0.61126924
-0.6128118
-0.60878307
-0.60786235
-0.6070256
-0.60634196
-0.6077899
-0.6546581
-0.6179863
-0.6123941
-0.61051965
-0.6126069
-0.6069343
-0.6038167
-0.61201185
-0.605698
-0.60890675
-0.6066967
-0.6118022
-0.6042926
-0.60863465
-0.6058086
-0.6144328
-0.6105904
-0.60190153
-0.6063749
-0.610587
-0.61130875
-0.61139464
-0.60120296
-0.6076841
-0.6077666
-0.6094201
-0.60762095
-0.60724133
-0.6104096
-0.60438436
-0.6122153
-0.6052876
-0.60390013
-0.60939187
-0.60396206
-0.6065085
-0.6061839
-0.60597336
-0.60881126
-0.60599303
-0.61336225
-0.60917115
-0.61349064
-0.60690403
-0.60610014
-0.60787696
-0.6037401
-0.6121345
-0.6092908
-0.6098305
-0.6108427
-0.60688674
-0.61109304
-0.6042063
-0.6102941
-0.60492134
-0.60788524
-0.6047528
-0.6092934
-0.6106014
-0.6088999
-0.612516
-0.6035635
-0.60901934
-0.60687584
-0.60835326
-0.607852
-0.6032562
-0.60882896
-0.6051455
-0.61250055
-0.61011034
-0.6048986
-0.606149
-0.6106706
-0.60645264
-0.6030099
-0.6055687
-0.6079203
-0.6106825
-0.60621876
-0.6096935
-0.6135427
-0.60639626
-0.6037028
-0.611275
-0.60930455
-0.60420084
-0.6043238
-0.6100844
-0.60683286
-0.60269403
-0.6070748
-0.61495036
-0.61030024
-0.60637844
-0.601852
-0.6074415
-0.6055846
-0.6111861
-0.6054696
-0.6064909
-0.60855395
-0.6033464
-0.60764855
-0.6092174
-0.6087869
-0.6108014
-0.6045545
-0.6115413
-0.6088786
-0.60687846
-0.6093123
-0.6110113
-0.6054515
-0.6097221
-0.6089005
-0.6078626
-0.60813767
-0.6057832
-0.60850906
-0.60428125
-0.6117288
-0.6110768
-0.6086455
-0.6083773
-0.61456823
-0.60866994
-0.6071792
-0.6040148
-0.6067485
-0.59983426
-0.6071799
-0.6037135
-0.60917073
-0.6110957
-0.60918057
-0.61305636
-0.6079822
-0.6066479
-0.60585284
-0.61398035
-0.6068378
-0.60588723
-0.6061844
-0.6019975
-0.6061303
-0.6110205
-0.6085112
-0.61104226
-0.6077295
-0.6120118
-0.6030413
-0.610211
-0.6084926
-0.61116296
-0.6132328
-0.6032239
-0.61107
-0.6085963
-0.60051537
-0.6058764
-0.6118724
-0.61321497
-0.6129926
-0.6056114
-0.61038154
-0.60761917
-0.60731524
-0.60756737
-0.6077237
-0.60899246
-0.609168
-0.6106692
-0.60164076
-0.6035304
-0.6075559
-0.6072765
-0.6064905
-0.6069898
-0.60414886
-0.6143396
-0.606666
-0.6053495
-0.6078951
-0.60992134
-0.61088294
-0.6042633
-0.6051897
-0.6042746
-0.6037867
-0.6056726
-0.6084865
-0.6051409
-0.6035716
-0.6063065
-0.61446804
-0.60342526
-0.6090748
-0.6099562
-0.6048175
-0.610152
-0.6085816
-0.6128806
-0.6064661
-0.60430247
-0.6087522
-0.6116318
-0.60921663
-0.6107236
-0.6103373
-0.6116751
-0.6122001
-0.6074707
-0.60514766
-0.6043167
-0.6091984
-0.6093481
-0.6077173
-0.607696
-0.60688776
-0.6112562
-0.6088695
-0.6073687
-0.60334796
-0.6095449
-0.6143527
-0.6057182
-0.6082899
-0.6097134
-0.60876685
-0.6064729
-0.6059156
-0.6028262
-0.6142578
-0.604398
-0.60727614
-0.6088355
-0.604876
-0.61236024
-0.6050992
-0.60492283
-0.6063024
-0.61142987
-0.60484505
-0.61174107
-0.61363953
-0.6075848
-0.60326326
-0.605544
-0.6105571
-0.6060947
-0.60815793
-0.6050976
-0.60189176
-0.60745275
-0.6035742
-0.60739493
-0.6069525
-0.6053709
-0.6120051
-0.60850126
-0.60839677
-0.6084745
-0.60745454
-0.6133552
-0.6044015
-0.60549325
-0.6098632
-0.61072385
-0.6061047
-0.60965806
-0.6123541
-0.6106752
-0.6057773
-0.6104117
-0.6104199
-0.6050374
-0.61167145
-0.60954326
-0.604406
-0.6056925
-0.61328614
-0.6105327
-0.60580593
-0.6108394
-0.6031966
-0.60540307
-0.6134198
-0.60843617
-0.6044903
-0.6095229
-0.6093266
-0.6161839
-0.6080279
-0.6107843
-0.60321194
-0.60588574
-0.60569894
-0.608478
-0.6546581
-0.6179863
-0.6123941
-0.61051965
-0.6126069
-0.6069343
-0.6038167
-0.61201185
-0.605698
-0.60890675
-0.6066967
-0.6118022
-0.6042926
-0.60863465
-0.6058086
-0.6144328
-0.6105904
-0.60190153
-0.6063749
-0.610587
-0.61130875
-0.61139464
-0.60120296
-0.6076841
-0.6077666
-0.6094201
-0.60762095
-0.60724133
-0.6104096
-0.60438436
-0.6122153
-0.6052876
-0.60390013
-0.60939187
-0.60396206
-0.6065085
-0.6061839
-0.60597336
-0.60881126
-0.60599303
-0.61336225
-0.60917115
-0.61349064
-0.60690403
-0.60610014
-0.60787696
-0.6037401
-0.6121345
-0.6092908
-0.6098305
-0.6108427
-0.60688674
-0.61109304
-0.6042063
-0.6102941
-0.60492134
-0.60788524
-0.6047528
-0.6092934
-0.6106014
-0.6088999
-0.612516
-0.6035635
-0.60901934
-0.60687584
-0.60835326
-0.607852
-0.6032562
-0.60882896
-0.6051455
-0.61250055
-0.61011034
-0.6048986
-0.606149
-0.6106706
-0.60645264
-0.6030099
-0.6055687
-0.6079203
-0.6106825
-0.60621876
-0.6096935
-0.6135427
-0.60639626
-0.6037028
-0.611275
-0.60930455
-0.60420084
-0.6043238
-0.6100844
-0.60683286
-0.60269403
-0.6070748
-0.61495036
-0.61030024
-0.60637844
-0.601852
-0.6074415
-0.6055846
-0.6111861
-0.6054696
-0.6064909
-0.60855395
-0.6033464
-0.60764855
-0.6092174
-0.6087869
-0.6108014
-0.6045545
-0.6115413
-0.6088786
-0.60687846
-0.6093123
-0.6110113
-0.6054515
-0.6097221
-0.6089005
-0.6078626
-0.60813767
-0.6057832
-0.60850906
-0.60428125
-0.6117288
-0.6110768
-0.6086455
-0.6083773
-0.61456823
-0.60866994
-0.6071792
-0.6040148
-0.6067485
-0.59983426
-0.6071799
-0.6037135
-0.60917073
-0.6110957
-0.60918057
-0.61305636
-0.6079822
-0.6066479
-0.60585284
-0.61398035
-0.6068378
-0.60588723
-0.6061844
-0.6019975
-0.6061303
-0.6110205
-0.6085112
-0.61104226
-0.6077295
-0.6120118
-0.6030413
-0.610211
-0.6084926
-0.61116296
-0.6132328
-0.6032239
-0.61107
-0.6085963
-0.60051537
-0.6058764
-0.6118724
-0.61321497
-0.6129926
-0.6056114
-0.61038154
-0.60761917
-0.60731524
-0.60756737
-0.6077237
-0.60899246
-0.609168
-0.6106692
-0.60164076
-0.6035304
-0.6075559
-0.6072765
-0.6064905
-0.6069898
-0.60414886
-0.6143396
-0.606666
-0.6053495
-0.6078951
-0.60992134
-0.61088294
-0.6042633
-0.6051897
-0.6042746
-0.6037867
-0.6056726
-0.6084865
-0.6051409
-0.6035716
-0.6063065
-0.61446804
-0.60342526
-0.6090748
-0.6099562
-0.6048175
-0.610152
-0.6085816
-0.6128806
-0.6064661
-0.60430247
-0.6087522
-0.6116318
-0.60921663
-0.6107236
-0.6103373
-0.6116751
-0.6122001
-0.6074707
-0.60514766
-0.6043167
-0.6091984
-0.6093481
-0.6077173
-0.607696
-0.60688776
-0.6112562
-0.6088695
-0.6073687
-0.60334796
-0.6095449
-0.6143527
-0.6057182
-0.6082899
-0.6097134
-0.60876685
-0.6064729
-0.6059156
-0.6028262
-0.6142578
-0.604398
-0.60727614
-0.6088355
-0.604876
-0.61236024
-0.6050992
-0.60492283
-0.6063024
-0.61142987
-0.60484505
-0.61174107
-0.61363953
-0.6075848
-0.60326326
-0.605544
-0.6105571
-0.6060947
-0.60815793
-0.6050976
-0.60189176
-0.60745275
-0.6035742
-0.60739493
-0.6069525
-0.6053709
-0.6120051
-0.60850126
-0.60839677
-0.6084745
-0.60745454
-0.6133552
-0.6044015
-0.60549325
-0.6098632
-0.61072385
-0.6061047
-0.60965806
-0.6123541
-0.6106752
-0.6057773
-0.6104117
-0.6104199
-0.6050374
-0.61167145
-0.60954326
-0.604406
-0.6056925
-0.61328614
-0.6105327
-0.60580593
-0.6108394
-0.6031966
-0.60540307
-0.6134198
-0.60843617
-0.6044903
-0.6095229
-0.6093266
-0.6161839
-0.6080279
-0.6107843
-0.60321194
-0.60588574
-0.60569894
-0.608478
-0.6546581
-0.6179863
-0.6123941
-0.61051965
-0.6126069
-0.6069343
-0.6038167
-0.61201185
-0.605698
-0.60890675
-0.6066967
-0.6118022
-0.6042926
-0.60863465
-0.6058086
-0.6144328
-0.6105904
-0.60190153
-0.6063749
-0.610587
-0.61130875
-0.61139464
-0.60120296
-0.6076841
-0.6077666
-0.6094201
-0.60762095
-0.60724133
-0.6104096
-0.60438436
-0.6122153
-0.6052876
-0.60390013
-0.60939187
-0.60396206
-0.6065085
-0.6061839
-0.60597336
-0.60881126
-0.60599303
-0.61336225
-0.60917115
-0.61349064
-0.60690403
-0.60610014
-0.60787696
-0.6037401
-0.6121345
-0.6092908
-0.6098305
-0.6108427
-0.60688674
-0.61109304
-0.6042063
-0.6102941
-0.60492134
-0.60788524
-0.6047528
-0.6092934
-0.6106014
-0.6088999
-0.612516
-0.6035635
-0.60901934
-0.60687584
-0.60835326
-0.607852
-0.6032562
-0.60882896
-0.6051455
-0.61250055
-0.61011034
-0.6048986
-0.606149
-0.6106706
-0.60645264
-0.6030099
-0.6055687
-0.6079203
-0.6106825
-0.60621876
-0.6096935
-0.6135427
-0.60639626
-0.6037028
-0.611275
-0.60930455
-0.60420084
-0.6043238
-0.6100844
-0.60683286
-0.60269403
-0.6070748
-0.61495036
-0.61030024
-0.60637844
-0.601852
-0.6074415
-0.6055846
-0.6111861
-0.6054696
-0.6064909
-0.60855395
-0.6033464
-0.60764855
-0.6092174
-0.6087869
-0.6108014
-0.6045545
-0.6115413
-0.6088786
-0.60687846
-0.6093123
-0.6110113
-0.6054515
-0.6097221
-0.6089005
-0.6078626
-0.60813767
-0.6057832
-0.60850906
-0.60428125
-0.6117288
-0.6110768
-0.6086455
-0.6083773
-0.61456823
-0.60866994
-0.6071792
-0.6040148
-0.6067485
-0.59983426
-0.6071799
-0.6037135
-0.60917073
-0.6110957
-0.60918057
-0.61305636
-0.6079822
-0.6066479
-0.60585284
-0.61398035
-0.6068378
-0.60588723
-0.6061844
-0.6019975
-0.6061303
-0.6110205
-0.6085112
-0.61104226
-0.6077295
-0.6120118
-0.6030413
-0.610211
-0.6084926
-0.61116296
-0.6132328
-0.6032239
-0.61107
-0.6085963
-0.60051537
-0.6058764
-0.6118724
-0.61321497
-0.6129926
-0.6056114
-0.61038154
-0.60761917
-0.60731524
-0.60756737
-0.6077237
-0.60899246
-0.609168
-0.6106692
-0.60164076
-0.6035304
-0.6075559
-0.6072765
-0.6064905
-0.6069898
-0.60414886
-0.6143396
-0.606666
-0.6053495
-0.6078951
-0.60992134
-0.61088294
-0.6042633
-0.6051897
-0.6042746
-0.6037867
-0.6056726
-0.6084865
-0.6051409
-0.6035716
-0.6063065
-0.61446804
-0.60342526
-0.6090748
-0.6099562
-0.6048175
-0.610152
-0.6085816
-0.6128806
-0.6064661
-0.60430247
-0.6087522
-0.6116318
-0.60921663
-0.6107236
-0.6103373
-0.6116751
-0.6122001
-0.6074707
-0.60514766
-0.6043167
-0.6091984
-0.6093481
-0.6077173
-0.607696
-0.60688776
-0.6112562
-0.6088695
-0.6073687
-0.60334796
-0.6095449
-0.6143527
-0.6057182
-0.6082899
-0.6097134
-0.60876685
-0.6064729
-0.6059156
-0.6028262
-0.6142578
-0.604398
-0.60727614
-0.6088355
-0.604876
-0.61236024
-0.6050992
-0.60492283
-0.6063024
-0.61142987
-0.60484505
-0.61174107
-0.61363953
-0.6075848
-0.60326326
-0.605544
-0.6105571
-0.6060947
-0.60815793
-0.6050976
-0.60189176
-0.60745275
-0.6035742
-0.60739493
-0.6069525
-0.6053709
-0.6120051
-0.60850126
-0.60839677
-0.6084745
-0.60745454
-0.6133552
-0.6044015
-0.60549325
-0.6098632
-0.61072385
-0.6061047
-0.60965806
-0.6123541
-0.6106752
-0.6057773
-0.6104117
-0.6104199
-0.6050374
-0.61167145
-0.60954326
-0.604406
-0.6056925
-0.61328614
-0.6105327
-0.60580593
-0.6108394
-0.6031966
-0.60540307
-0.6134198
-0.60843617
-0.6044903
-0.6095229
-0.6093266
-0.6161839
-0.6080279
-0.6107843
-0.60321194
-0.60588574
-0.60569894
-0.608478
