-0.64042944
-0.6194088
-0.6128176
-0.6139416
-0.6056931
-0.6055394
-0.6059244
-0.60274416
-0.60064286
-0.60369253
-0.6017623
-0.59992695
-0.60085726
-0.6020364
-0.60323066
-0.60101515
-0.5968497
-0.6009821
-0.60113716
-0.5964524
-0.59650433
-0.5944534
-0.59145254
-0.6004516
-0.5987704
-0.59230894
-0.60310143
-0.59477246
-0.596296
-0.5994889
-0.60078
-0.6006345
-0.59511894
-0.59372354
-0.59659433
-0.59989995
-0.5976657
-0.5957945
-0.6007644
-0.59823775
-0.59932595
-0.6001811
-0.6010992
-0.5966065
-0.59426874
-0.5951669
-0.5952922
-0.60261595
-0.5933194
-0.60071653
-0.59286076
-0.59848815
-0.60208815
-0.5958133
-0.5947228
-0.60051477
-0.595368
-0.5933263
-0.59696996
-0.5982351
-0.5991568
-0.5940629
-0.60225123
-0.59686655
-0.60073596
-0.5943973
-0.596105
-0.59311163
-0.5912274
-0.6009698
-0.60545975
-0.5968345
-0.5938125
-0.601113
-0.5989032
-0.60498464
-0.5964145
-0.59983885
-0.60019845
-0.5949648
-0.5986201
-0.5989863
-0.5965243
-0.6007634
-0.5990698
-0.59782666
-0.5971396
-0.5962783
-0.59292454
-0.5995173
-0.59319115
-0.5929183
-0.59756285
-0.594573
-0.5932729
-0.5959301
-0.5970826
-0.5975099
-0.5949662
-0.59607697
-0.6037131
-0.591153
-0.59341866
-0.59744596
-0.5943453
-0.6002288
-0.6050989
-0.60053974
-0.59539115
-0.5921196
-0.6021199
-0.60026693
-0.5988298
-0.59844714
-0.59149
-0.5924672
-0.5950412
-0.59781975
-0.600025
-0.5964506
-0.6052302
-0.5978713
-0.59533846
-0.59738743
-0.5921398
-0.5964809
-0.5938248
-0.5978016
-0.60274893
-0.5926374
-0.5963766
-0.6010745
-0.59349054
-0.5934212
-0.59511817
-0.5947331
-0.59571785
-0.59500796
-0.5970856
-0.59544027
-0.6015971
-0.5959405
-0.5960991
-0.5998725
-0.58734345
-0.5942791
-0.59769833
-0.596369
-0.60485077
-0.6014244
-0.59399277
-0.5927362
-0.59836936
-0.5938723
-0.59071183
-0.59714663
-0.5990134
-0.6008682
-0.59626293
-0.589817
-0.59082824
-0.59766644
-0.60012597
-0.59973586
-0.59486055
-0.5928807
-0.59787166
-0.59585994
-0.59629005
-0.5940182
-0.5974588
-0.5992699
-0.59593874
-0.5963274
-0.5985124
-0.5938052
-0.5972556
-0.5951731
-0.5962894
-0.60193723
-0.60187024
-0.6012663
-0.5967422
-0.6015883
-0.59411204
-0.59514153
-0.59797436
-0.6056508
-0.60076314
-0.59358585
-0.59117764
-0.596589
-0.5970229
-0.5953339
-0.5936896
-0.593957
-0.5975745
-0.5997328
-0.60182995
-0.60152775
-0.5972531
-0.59170157
-0.59634084
-0.5933022
-0.6017853
-0.5992481
-0.5943564
-0.59698653
-0.5938027
-0.5957672
-0.5930483
-0.60212576
-0.593137
-0.59719104
-0.59817034
-0.5949186
-0.59252244
-0.59705424
-0.5959834
-0.5995954
-0.598564
-0.59882545
-0.59678364
-0.5992165
-0.59291244
-0.5985906
-0.59417444
-0.5943258
-0.5971783
-0.59398174
-0.6001939
-0.5947736
-0.5926594
-0.59778523
-0.59526366
-0.5957942
-0.5998662
-0.59144306
-0.59932095
-0.5978387
-0.6015236
-0.5916707
-0.59513324
-0.5974143
-0.5998784
-0.5985304
-0.59673965
-0.60067827
-0.5947536
-0.5993743
-0.59370863
-0.5901854
-0.595738
-0.5954556
-0.5970286
-0.59912
-0.6030066
-0.588798
-0.59511423
-0.59061027
-0.59929067
-0.5947347
-0.5932186
-0.6024863
-0.5985868
-0.59240264
-0.5986664
-0.6034664
-0.59507465
-0.5959805
-0.5965593
-0.59808177
-0.6003567
-0.59966296
-0.5951444
-0.60165554
-0.60112554
-0.5947034
-0.59899056
-0.5898245
-0.59435815
-0.59933907
-0.5950039
-0.5974245
-0.5930761
-0.59885293
-0.59228545
-0.595736
-0.59635204
-0.5963883
-0.58920145
-0.5926795
-0.59177524
-0.5957753
-0.5963021
-0.59446263
-0.594348
-0.59695745
-0.5970238
-0.595158
