-0.6441565
-0.6233984
-0.61084723
-0.6069718
-0.60980093
-0.6143194
-0.6058841
-0.6017677
-0.6075931
-0.6031606
-0.6054809
-0.5981671
-0.60076815
-0.60342944
-0.6005924
-0.60656327
-0.605792
-0.59686434
-0.600744
-0.5993513
-0.6053876
-0.6037814
-0.59193236
-0.598459
-0.59893256
-0.6014451
-0.6011585
-0.6006505
-0.6033825
-0.5965882
-0.60380495
-0.59740424
-0.5934334
-0.6032567
-0.5957845
-0.5956285
-0.596663
-0.5981077
-0.5991614
-0.5970411
-0.604589
-0.5995354
-0.60243255
-0.5978725
-0.5972446
-0.59952825
-0.5940766
-0.6013703
-0.6010848
-0.603341
-0.6022201
-0.5998666
-0.6034854
-0.5947111
-0.6001021
-0.59662986
-0.5987334
-0.5962474
-0.60017186
-0.60065603
-0.5985586
-0.6009652
-0.5952878
-0.5989474
-0.59610856
-0.5990374
-0.6004672
-0.5940437
-0.5998739
-0.5971146
-0.60398173
-0.6015133
-0.5957153
-0.5983044
-0.60163015
-0.5983645
-0.5942076
-0.59322083
-0.5992087
-0.6009195
-0.5957227
-0.5990188
-0.60440624
-0.59712756
-0.5925384
-0.60101044
-0.5992678
-0.59360075
-0.59359586
-0.59988964
-0.59742576
-0.59193027
-0.59861195
-0.6048286
-0.59994924
-0.5966888
-0.59258515
-0.59637356
-0.59382534
-0.6037945
-0.59604573
-0.5971545
-0.59888685
-0.5939727
-0.5982617
-0.6009844
-0.59706914
-0.6011204
-0.59583634
-0.6025328
-0.5990482
-0.59559196
-0.59722567
-0.59931475
-0.594928
-0.5991605
-0.5990556
-0.5991419
-0.5992981
-0.5967887
-0.598144
-0.59576744
-0.6005746
-0.6008912
-0.5992875
-0.5991338
-0.60443735
-0.5993365
-0.59722024
-0.59474105
-0.5976022
-0.5881866
-0.59814334
-0.5950169
-0.5978546
-0.5990847
-0.60052073
-0.60384977
-0.5977759
-0.5947451
-0.59509486
-0.6036931
-0.5960018
-0.59598166
-0.5960615
-0.59216547
-0.597357
-0.6018377
-0.59764385
-0.6015748
-0.59764576
-0.6012532
-0.59298897
-0.6001164
-0.59771836
-0.60171217
-0.6026158
-0.59167194
-0.60072225
-0.598131
-0.59011936
-0.5952415
-0.6015366
-0.60195667
-0.6015022
-0.5955774
-0.60101074
-0.5986854
-0.5986119
-0.59762836
-0.5966974
-0.59854704
-0.59884864
-0.5983326
-0.5928795
-0.5949649
-0.5980826
-0.5977192
-0.59678555
-0.5980896
-0.59247303
-0.6042259
-0.59717155
-0.5959666
-0.5971631
-0.59920675
-0.60043633
-0.5936062
-0.5941323
-0.5940989
-0.5932839
-0.5949198
-0.5983499
-0.5955033
-0.5960091
-0.5958261
-0.6052742
-0.5931592
-0.5990703
-0.5993372
-0.59549016
-0.5992949
-0.59951854
-0.60250473
-0.59528416
-0.5927793
-0.59678936
-0.60130453
-0.6004679
-0.59995854
-0.59931517
-0.60405946
-0.60206926
-0.59582657
-0.59676766
-0.5940576
-0.5983779
-0.5987172
-0.5965501
-0.59711015
-0.5975665
-0.6009576
-0.599535
-0.59817296
-0.59165514
-0.59991133
-0.60600775
-0.5959108
-0.5993438
-0.60072964
-0.5974864
-0.59745663
-0.59445333
-0.59329706
-0.60426253
-0.5940948
-0.59780115
-0.5988424
-0.59545064
-0.6039209
-0.59624356
-0.5950425
-0.5960039
-0.60122156
-0.59482616
-0.60196984
-0.60369503
-0.5945043
-0.5930542
-0.5953971
-0.59867257
-0.5952752
-0.59671885
-0.5956699
-0.5917479
-0.59666324
-0.59327734
-0.5978853
-0.5964887
-0.5953855
-0.6027645
-0.59773546
-0.5993267
-0.5990724
-0.5972686
-0.60294735
-0.5941003
-0.5948979
-0.59928286
-0.60177094
-0.59533066
-0.59995395
-0.5998362
-0.5996494
-0.5943828
-0.5984519
-0.59947
-0.5952116
-0.603145
-0.5988144
-0.59544337
-0.596946
-0.6029081
-0.6008276
-0.5939369
-0.6006712
-0.5931458
-0.59376955
-0.60349137
-0.5982543
-0.59469026
-0.597338
-0.59953773
-0.6076839
-0.59714866
-0.59985715
-0.5920954
-0.59614396
-0.59515387
-0.5974222
