-0.69301337
-0.68548477
-0.66517913
-0.65990037
-0.6549763
-0.6506875
-0.654065
-0.6562487
-0.64999026
-0.6491784
-0.6494124
-0.6519505
-0.6498261
-0.64921045
-0.65271187
-0.6491342
-0.6509632
-0.6470775
-0.64615667
-0.64787453
-0.64357144
-0.65015596
-0.6412016
-0.64819086
-0.6464075
-0.6492038
-0.645288
-0.64877456
-0.64921427
-0.6490928
-0.6537598
-0.64622664
-0.6482397
-0.649924
-0.6492614
-0.6483348
-0.64643323
-0.6449942
-0.64617604
-0.6470868
-0.6480621
-0.6454538
-0.64363587
-0.6413929
-0.6424957
-0.6460984
-0.6464868
-0.6425293
-0.6395088
-0.6445647
-0.6451307
-0.6474356
-0.6405655
-0.644941
-0.64214563
-0.64143026
-0.64552635
-0.6393081
-0.641327
-0.6412609
-0.64339507
-0.6423103
-0.64027
-0.6398741
-0.6408326
-0.6431382
-0.6393636
-0.64235145
-0.64173335
-0.6441312
-0.6405045
-0.645257
-0.6403662
-0.6385561
-0.6426935
-0.6388372
-0.64372444
-0.6459264
-0.6414672
-0.6451296
-0.63960505
-0.6446812
-0.64113414
-0.63664186
-0.6362842
-0.64593863
-0.6393259
-0.641398
-0.6427275
-0.6459497
-0.63935035
-0.64157933
-0.64315486
-0.64350605
-0.64458966
-0.6458697
-0.6423849
-0.6429177
-0.64638567
-0.6385657
-0.63631964
-0.63718665
-0.6384124
-0.6397582
-0.6397718
-0.63994884
-0.63761395
-0.6423725
-0.6386052
-0.63881195
-0.64107597
-0.6420472
-0.6396064
-0.6401379
-0.6397807
-0.6376472
-0.6407012
-0.6442757
-0.64302355
-0.6429514
-0.6397382
-0.63462424
-0.6365055
-0.6391093
-0.63914895
-0.6408656
-0.6433817
-0.6348668
-0.63995594
-0.63988274
-0.6411776
-0.6421461
-0.6412949
-0.6428969
-0.6430319
-0.64043957
-0.6398302
-0.6408013
-0.64173853
-0.64203125
-0.63654304
-0.64019567
-0.6399459
-0.64200574
-0.64115316
-0.63632673
-0.63903564
-0.64422333
-0.63992345
-0.6377843
-0.6410522
-0.63873494
-0.64315987
-0.6403847
-0.6369814
-0.64120704
-0.64426
-0.6388882
-0.6401544
-0.63763547
-0.64021444
-0.64167804
-0.6409946
-0.6446074
-0.6397344
-0.6404645
-0.64176816
-0.64175516
-0.6392991
-0.6367548
-0.64801806
-0.642058
-0.63633835
-0.63713753
-0.6349806
-0.63981855
-0.64047056
-0.6418783
-0.6420627
-0.6409759
-0.6388951
-0.6470504
-0.6395902
-0.63660884
-0.63914496
-0.6380743
-0.637448
-0.6432045
-0.6368744
-0.639838
-0.6389591
-0.6440041
-0.63974214
-0.6403079
-0.64383227
-0.63689667
-0.63976645
-0.6426489
-0.63871497
-0.6365299
-0.6404102
-0.6418806
-0.6406061
-0.63885087
-0.64179564
-0.64279366
-0.6411925
-0.6413258
-0.6416935
-0.6434837
-0.64058274
-0.63875085
-0.6384114
-0.6389379
-0.63678896
-0.642452
-0.63969505
-0.64423394
-0.6428537
-0.6391324
-0.6381624
-0.643211
-0.64022
-0.6411133
-0.6395485
-0.6339206
-0.6383298
-0.64185303
-0.64092827
-0.6414283
-0.6421483
-0.6406173
-0.6412853
-0.6390285
-0.636088
-0.6407843
-0.6389353
-0.6372808
-0.6407295
-0.6376229
-0.63886756
-0.6403739
-0.64039314
-0.6449594
-0.6371399
-0.6399622
-0.6438139
-0.64058906
-0.6384528
-0.6423193
-0.6411493
-0.63825405
-0.63965976
-0.64226097
-0.64031583
-0.6406833
-0.6429732
-0.64469784
-0.64536315
-0.6392769
-0.6420247
-0.6414694
-0.64128834
-0.63941324
-0.6405636
-0.641768
-0.644645
-0.6407109
-0.64538574
-0.6374086
-0.64338195
-0.63887805
-0.6412588
-0.64216614
-0.63939595
-0.6403072
-0.6409425
-0.63952774
-0.64271903
-0.63975984
-0.6403965
-0.63681805
-0.6388866
-0.6371508
-0.6394864
-0.6414839
-0.64154124
-0.6399695
-0.6357463
-0.64179283
-0.6412784
-0.63808453
-0.64191
-0.6351992
-0.6399004
-0.6391831
-0.6407146
-0.63866806
-0.6409802
-0.6374976
