-0.69258475
-0.6786615
-0.6591827
-0.6474657
-0.64170164
-0.6380428
-0.63458604
-0.6378382
-0.63440233
-0.63189095
-0.6335296
-0.63136023
-0.6284771
-0.6305498
-0.63293946
-0.6262823
-0.63115525
-0.6270823
-0.62632936
-0.6283172
-0.6242151
-0.62966937
-0.62260187
-0.6281625
-0.6242267
-0.62954926
-0.6266275
-0.6295817
-0.6290157
-0.6259171
-0.63375574
-0.62623435
-0.6244848
-0.6286296
-0.62938994
-0.6242319
-0.6221313
-0.62256795
-0.62484115
-0.6248774
-0.6248722
-0.62171733
-0.6200559
-0.617363
-0.61863816
-0.62353647
-0.6227305
-0.61863625
-0.6130266
-0.6206477
-0.62187815
-0.6229827
-0.6141289
-0.61905557
-0.62132215
-0.61731696
-0.6244634
-0.6167832
-0.617734
-0.6196429
-0.6209866
-0.6201071
-0.6164975
-0.6175022
-0.6161846
-0.6219569
-0.61709803
-0.62180567
-0.6194029
-0.6186376
-0.6199573
-0.6201914
-0.6166144
-0.61178225
-0.6196159
-0.61795425
-0.62165797
-0.6230458
-0.6183641
-0.6229986
-0.61770076
-0.62080216
-0.617838
-0.61454093
-0.61277914
-0.62544525
-0.61766666
-0.61972237
-0.61590075
-0.6232369
-0.6146745
-0.6169856
-0.62111205
-0.6183089
-0.62368536
-0.622033
-0.6193673
-0.61919475
-0.62260437
-0.6117062
-0.6131993
-0.61352545
-0.6171087
-0.6173757
-0.6197974
-0.61633545
-0.611653
-0.61823535
-0.61300075
-0.61259633
-0.6150434
-0.61886483
-0.614607
-0.61616516
-0.617081
-0.61065304
-0.61739236
-0.6191615
-0.6209124
-0.61658865
-0.6140844
-0.6096729
-0.6087536
-0.614714
-0.612239
-0.61669797
-0.6204027
-0.6085866
-0.61384165
-0.6136709
-0.61532074
-0.6124238
-0.61668235
-0.6178502
-0.61740875
-0.61482674
-0.61334324
-0.6159975
-0.61215204
-0.6130646
-0.6133613
-0.6157367
-0.6115006
-0.61786205
-0.6153367
-0.6108206
-0.61280525
-0.6185324
-0.6117807
-0.6132697
-0.6138892
-0.6087589
-0.6155096
-0.61426437
-0.61168474
-0.61357033
-0.6181808
-0.6139177
-0.61246127
-0.60938036
-0.61263764
-0.61782813
-0.6167345
-0.6214181
-0.613846
-0.6168623
-0.6158288
-0.6154836
-0.6128237
-0.6094913
-0.6202154
-0.61753434
-0.6108311
-0.6084068
-0.6061504
-0.61302537
-0.61491543
-0.6158255
-0.6150403
-0.61635673
-0.61207503
-0.62125546
-0.61244184
-0.6091381
-0.6144721
-0.6113334
-0.6141211
-0.6151731
-0.61101025
-0.6155625
-0.6128781
-0.61865246
-0.6165243
-0.61483467
-0.6188608
-0.6157296
-0.61596364
-0.61547714
-0.61222225
-0.61180747
-0.6137241
-0.61670524
-0.61760587
-0.61369896
-0.6127539
-0.6153548
-0.6141778
-0.6135564
-0.6146325
-0.6155372
-0.6111372
-0.61351234
-0.6128446
-0.6132017
-0.609862
-0.6148021
-0.6154297
-0.6160922
-0.61938715
-0.6117648
-0.6168215
-0.61745733
-0.61348534
-0.6146741
-0.6154345
-0.6081326
-0.6129242
-0.61386037
-0.61663604
-0.6149598
-0.61700684
-0.6135388
-0.6167077
-0.6137373
-0.6093503
-0.6147646
-0.6174675
-0.6122614
-0.61317676
-0.6102313
-0.6118771
-0.61413485
-0.616703
-0.6164969
-0.6113479
-0.61444706
-0.62044686
-0.61539537
-0.6122374
-0.6204068
-0.61784977
-0.61189145
-0.6117928
-0.61705774
-0.61165017
-0.6140167
-0.6197062
-0.6178
-0.6166115
-0.61393064
-0.6134652
-0.61267227
-0.61682713
-0.60876983
-0.61446905
-0.6151014
-0.6205073
-0.6171023
-0.6198023
-0.6088978
-0.6180177
-0.61269176
-0.6164234
-0.61273974
-0.6155964
-0.6142284
-0.61770743
-0.612809
-0.6177536
-0.61214536
-0.61229396
-0.61133146
-0.61247516
-0.6124639
-0.6148284
-0.6173695
-0.616652
-0.6107407
-0.60966045
-0.61470497
-0.61498004
-0.61114085
-0.6134509
-0.6106326
-0.6153644
-0.61086774
-0.6170975
-0.61402035
-0.6132541
-0.61103225
