-0.6347123
-0.6202804
-0.60745054
-0.6141656
-0.61073524
-0.6089711
-0.60576564
-0.59686327
-0.5960849
-0.5990657
-0.6025041
-0.5985197
-0.6010397
-0.6027783
-0.599293
-0.59772795
-0.59780246
-0.60033065
-0.5933337
-0.59931725
-0.5935859
-0.6026528
-0.59471315
-0.59325475
-0.5960246
-0.5956424
-0.6011507
-0.59412795
-0.5971224
-0.60396874
-0.5960988
-0.59821075
-0.59753495
-0.5954496
-0.60240835
-0.59512484
-0.600788
-0.5950641
-0.59794587
-0.5960047
-0.59256727
-0.5990995
-0.58961093
-0.6009719
-0.5961216
-0.6023833
-0.5951563
-0.59566826
-0.5960121
-0.5985266
-0.5962281
-0.59870815
-0.59656334
-0.5974424
-0.5970942
-0.59550285
-0.59704053
-0.59996897
-0.59867734
-0.59970826
-0.60451967
-0.59471744
-0.5939953
-0.5992849
-0.5951215
-0.5966727
-0.60176903
-0.5997746
-0.5981159
-0.59469
-0.6019586
-0.6000308
-0.5947784
-0.5966988
-0.5991251
-0.59560394
-0.5925781
-0.5911522
-0.5969387
-0.6001388
-0.5928047
-0.59814274
-0.60337377
-0.59538025
-0.59037817
-0.59800035
-0.596716
-0.59106773
-0.5924188
-0.59696156
-0.5957766
-0.590589
-0.59688747
-0.6029615
-0.5977342
-0.59552693
-0.59092396
-0.5935957
-0.5917302
-0.6007253
-0.59511745
-0.5948301
-0.597191
-0.59281456
-0.59537554
-0.59821486
-0.5949484
-0.5990251
-0.59442174
-0.60058254
-0.5975423
-0.59367883
-0.59533703
-0.59755844
-0.5922322
-0.59692967
-0.5986932
-0.59771246
-0.5978548
-0.5936569
-0.596619
-0.59335715
-0.5986226
-0.5990808
-0.59771556
-0.598545
-0.60135615
-0.5976915
-0.5955336
-0.59374374
-0.5966102
-0.5857101
-0.5971487
-0.5930379
-0.59653723
-0.596678
-0.59884554
-0.6019325
-0.59548575
-0.59376633
-0.5928804
-0.6019355
-0.59493357
-0.59355927
-0.59378976
-0.589898
-0.59505665
-0.60018647
-0.59567076
-0.5990847
-0.59520864
-0.59974134
-0.59011424
-0.59787405
-0.5957534
-0.6006998
-0.60064006
-0.5895127
-0.5985459
-0.5963398
-0.5872381
-0.59352005
-0.60047656
-0.59956133
-0.5994948
-0.59342766
-0.59860075
-0.59603584
-0.5968614
-0.59466565
-0.5947084
-0.5972612
-0.5965723
-0.5967174
-0.59026664
-0.5936303
-0.59549266
-0.59511054
-0.59455097
-0.596092
-0.5907741
-0.60136384
-0.5960121
-0.59459907
-0.59582895
-0.5966294
-0.5980261
-0.59154046
-0.5917147
-0.5919872
-0.59123117
-0.59219086
-0.5954737
-0.59240466
-0.5945113
-0.5939596
-0.6026075
-0.59085274
-0.5957151
-0.59799755
-0.594392
-0.5981821
-0.597185
-0.6005141
-0.5934599
-0.5907744
-0.59469026
-0.59972024
-0.5982434
-0.59755874
-0.5963208
-0.602655
-0.6001246
-0.59198815
-0.5942183
-0.59225905
-0.5964671
-0.5974273
-0.59472156
-0.5951425
-0.5961377
-0.598136
-0.5979925
-0.59590095
-0.5896639
-0.5977892
-0.60504043
-0.59429425
-0.5966648
-0.59830946
-0.5950794
-0.5955864
-0.59225357
-0.5906768
-0.6019452
-0.5915519
-0.5943949
-0.5964506
-0.59430456
-0.6009201
-0.5939032
-0.5915151
-0.59452486
-0.59827137
-0.592289
-0.599131
-0.6016836
-0.5924675
-0.5915254
-0.59367603
-0.59682876
-0.59272635
-0.5947214
-0.5941749
-0.5894097
-0.59559166
-0.5904014
-0.59578335
-0.59418744
-0.5944241
-0.60039437
-0.5946389
-0.59757954
-0.59612674
-0.5945732
-0.6006081
-0.5919751
-0.59383345
-0.5962511
-0.60024774
-0.593394
-0.5975752
-0.5971462
-0.5980798
-0.5914676
-0.5975332
-0.59751797
-0.59339815
-0.6022764
-0.5967071
-0.59190345
-0.59461147
-0.6006237
-0.59838057
-0.59129155
-0.597254
-0.59083104
-0.59161144
-0.60159814
-0.5962595
-0.5927394
-0.5948846
-0.5961599
-0.60595566
-0.596
-0.59638435
-0.5893695
-0.593739
-0.5927128
-0.59489775
