-0.69272476
-0.6814351
-0.65354717
-0.6376209
-0.63220173
-0.6273058
-0.6255758
-0.6244474
-0.6235384
-0.62297887
-0.61943716
-0.61534953
-0.6198939
-0.6210265
-0.6182288
-0.61737347
-0.6215473
-0.61382663
-0.6156981
-0.61591345
-0.6156554
-0.61545897
-0.6142328
-0.61582714
-0.61315334
-0.61051303
-0.61430854
-0.6180423
-0.61582613
-0.6141643
-0.61210674
-0.6126695
-0.611822
-0.61236155
-0.60849375
-0.6135159
-0.60973513
-0.60989285
-0.6109439
-0.6107238
-0.610073
-0.60944915
-0.60917896
-0.6084975
-0.61039716
-0.6096133
-0.61237395
-0.6119518
-0.6123025
-0.6074912
-0.6084798
-0.6074316
-0.609764
-0.60793996
-0.61017823
-0.61541003
-0.6113561
-0.6085067
-0.61241984
-0.6087235
-0.6072274
-0.605881
-0.6104315
-0.6018065
-0.60685486
-0.6125946
-0.61228734
-0.60654855
-0.6019788
-0.6046393
-0.6120438
-0.6088895
-0.60567915
-0.6120712
-0.60723174
-0.60528165
-0.6081726
-0.6075096
-0.60958886
-0.69272476
-0.6814351
-0.65354717
-0.6376209
-0.63220173
-0.6273058
-0.6255758
-0.6244474
-0.6235384
-0.62297887
-0.61943716
-0.61534953
-0.6198939
-0.6210265
-0.6182288
-0.61737347
-0.6215473
-0.61382663
-0.6156981
-0.61591345
-0.6156554
-0.61545897
-0.6142328
-0.61582714
-0.61315334
-0.61051303
-0.61430854
-0.6180423
-0.61582613
-0.6141643
-0.61210674
-0.6126695
-0.611822
-0.61236155
-0.60849375
-0.6135159
-0.60973513
-0.60989285
-0.6109439
-0.6107238
-0.610073
-0.60944915
-0.60917896
-0.6084975
-0.61039716
-0.6096133
-0.61237395
-0.6119518
-0.6123025
-0.6074912
-0.6084798
-0.6074316
-0.609764
-0.60793996
-0.61017823
-0.61541003
-0.6113561
-0.6085067
-0.61241984
-0.6087235
-0.6072274
-0.605881
-0.6104315
-0.6018065
-0.60685486
-0.6125946
-0.61228734
-0.60654855
-0.6019788
-0.6046393
-0.6120438
-0.6088895
-0.60567915
-0.6120712
-0.60723174
-0.60528165
-0.6081726
-0.6075096
-0.60958886
-0.60693526
-0.60751206
-0.6055092
-0.60673857
-0.6066328
-0.6066952
-0.6103482
-0.60784304
-0.6110278
-0.60965943
-0.6056525
-0.604314
-0.60697657
-0.61073303
-0.60352
-0.60475516
-0.6010598
-0.6075273
-0.6040516
-0.60311735
-0.61029595
-0.6041981
-0.610376
-0.60704637
-0.6078131
-0.6101779
-0.60931206
-0.606988
-0.60569435
-0.6018088
-0.6028171
-0.61108863
-0.60264593
-0.6015421
-0.6011538
-0.60585994
-0.6085353
-0.6094714
-0.6072515
-0.6109336
-0.6057454
-0.6053978
-0.60245967
-0.60093
-0.6019409
-0.6061427
-0.6079806
-0.6071305
-0.60873425
-0.60326576
-0.6056286
-0.60410863
-0.6053036
-0.6095893
-0.6071413
-0.606693
-0.6105374
-0.6033877
-0.6067061
-0.60744345
-0.6065442
-0.60228574
-0.6060216
-0.60656416
-0.60569626
-0.60493207
-0.60740286
-0.6051069
-0.6053726
-0.6041319
-0.60384583
-0.6039985
-0.60661364
-0.6065398
-0.6068849
-0.6096483
-0.60468566
-0.60509217
-0.60534966
-0.60437995
-0.6014559
-0.5970208
-0.60235846
-0.60721487
-0.6048014
-0.6053397
-0.59761906
-0.61020464
-0.6048282
-0.6059186
-0.6070516
-0.6058934
-0.6024279
-0.6024077
-0.60817945
-0.60854703
-0.60713506
-0.6029059
-0.6035244
-0.6059163
-0.6048563
-0.61028194
-0.605034
-0.59740716
-0.6071466
-0.6045071
-0.60731894
-0.60426444
-0.60541195
-0.60753196
-0.6054189
-0.6015226
-0.60907185
-0.5957351
-0.60519063
-0.60764796
-0.60928696
-0.60170865
-0.59789664
-0.60552984
-0.60512024
-0.6056796
-0.6025728
-0.60410714
-0.6038828
-0.61002034
-0.6025169
-0.6051378
-0.59880984
-0.60422146
-0.60632604
-0.60256475
-0.6009126
-0.6057338
-0.602913
-0.6037019
-0.6068661
-0.60853446
-0.6013683
-0.604004
-0.6045769
-0.6055564
-0.609201
-0.6069185
-0.6035843
-0.60628057
-0.6048352
-0.6072447
-0.6032356
-0.60284305
-0.6019506
-0.61184174
-0.60226023
-0.6017912
-0.606458
-0.6033091
-0.6062449
-0.60224175
-0.6054132
-0.6004007
-0.60238945
-0.60196275
-0.60273904
-0.6048439
-0.6084039
-0.6024817
-0.6082366
-0.6051712
-0.6008693
-0.6039647
-0.6023636
-0.59985447
-0.603677
-0.6043799
-0.61026394
-0.60479856
-0.59775347
-0.6079071
-0.6013057
-0.60456806
-0.6097631
-0.6102732
-0.6024367
-0.60341614
-0.60295886
-0.60674584
-0.60306007
-0.60685754
-0.6031499
-0.60209787
-0.60080785
-0.59857064
-0.6031469
-0.60491264
-0.6006168
-0.6041058
-0.6088851
-0.6069774
-0.6052418
-0.5997621
-0.6066259
-0.6078351
-0.6062585
-0.6032342
-0.60462683
-0.6037979
-0.60421175
-0.6042829
-0.6045488
-0.6015897
-0.610133
-0.60594475
-0.6009435
-0.6034311
-0.59948045
-0.60405827
-0.6061047
-0.6051631
-0.6064042
-0.6039212
-0.59658366
-0.60180247
-0.6052066
-0.6031282
-0.60287195
-0.60010725
-0.6056861
-0.60260034
-0.59746
-0.6082022
-0.6039728
-0.60432965
-0.6032454
-0.60444295
-0.603434
-0.6038944
-0.599479
-0.5970898
-0.60870826
-0.5982341
-0.60146344
-0.6018538
-0.60176605
-0.5996636
-0.60579616
-0.6044587
-0.6073535
-0.6055981
-0.6018992
-0.605821
-0.60202676
-0.6058812
-0.6056228
-0.60545635
-0.6055444
-0.6077418
-0.6015099
-0.6033838
-0.6122407
-0.6032267
-0.60342884
-0.60387665
-0.60868
-0.6081405
-0.60072714
-0.60655135
-0.6043699
-0.6064661
-0.60738546
-0.60022765
-0.59759045
-0.6010182
-0.6100038
-0.59497845
-0.60402095
-0.60493445
-0.60741925
-0.5966745
-0.60869503
-0.6049396
-0.605166
-0.6025761
-0.5991431
-0.604242
-0.6017168
-0.60019016
-0.6001889
-0.604105
-0.59813106
-0.59846413
-0.60505944
-0.60528815
-0.6026819
-0.60304075
-0.603078
-0.60556394
-0.6083051
-0.6045939
-0.60574293
-0.60234195
-0.6010625
-0.6069119
-0.60255945
-0.6052909
-0.60885453
-0.6041164
-0.6034819
-0.60647386
-0.5981895
-0.60316366
-0.60440576
-0.6058291
-0.6032966
-0.60520506
-0.60629374
-0.6003056
-0.595524
-0.6024128
-0.60803473
-0.6062413
-0.6004318
-0.60239214
-0.6034474
-0.604003
-0.60230607
-0.5980356
-0.60681117
-0.60028225
-0.6031781
-0.60575247
-0.6010014
-0.6054445
-0.6109713
-0.60237956
-0.61065304
-0.6024908
-0.60218215
-0.6098408
-0.599529
-0.59942436
-0.59944457
-0.5982434
-0.5996555
-0.6115301
-0.6060392
-0.60364413
-0.6002987
-0.6025445
-0.6029801
-0.5969235
-0.60653126
-0.60903347
-0.60666156
-0.6067546
-0.6065394
-0.606094
-0.6047617
-0.6018334
-0.60399026
-0.60353154
-0.60672385
-0.60795367
-0.5995735
-0.6049125
-0.60424197
-0.6049177
-0.60215265
-0.59708345
-0.6026218
-0.6038335
-0.60993904
-0.60436326
-0.6088496
-0.60587645
-0.5999061
-0.6079055
-0.600766
-0.61304605
-0.6069212
-0.6012823
-0.606912
-0.5951404
-0.6001228
-0.6043271
-0.60126597
-0.6067058
-0.60470235
-0.59884655
-0.60829145
-0.6069058
-0.60375553
-0.60469896
-0.6029658
-0.6047511
-0.6083848
-0.6019619
-0.6042702
-0.60439354
-0.6008734
-0.6001957
-0.6072561
-0.60853755
-0.60182065
-0.6061585
-0.6108062
-0.604165
-0.60291684
-0.60540646
-0.60126764
-0.60105234
-0.60404086
-0.5978241
-0.60389954
-0.59787905
-0.59927315
-0.6024682
-0.60921204
-0.6051374
-0.5977336
-0.6023774
-0.6064088
