-0.69290495
-0.69174755
-0.6836782
-0.6812318
-0.67846763
-0.67753196
-0.6776069
-0.6769242
-0.6762689
-0.6777688
-0.6746164
-0.6749809
-0.67844975
-0.67363185
-0.6748047
-0.67437965
-0.67615557
-0.6761592
-0.67404854
-0.6768413
-0.676738
-0.67388827
-0.6755811
-0.6752759
-0.6765019
-0.67501575
-0.6756529
-0.6776603
-0.67485046
-0.67359555
-0.67325586
-0.67461824
-0.67354393
-0.67583823
-0.67339194
-0.67459893
-0.6761801
-0.67875504
-0.67377204
-0.67730474
-0.67394
-0.6733078
-0.6739061
-0.67667234
-0.67940307
-0.67607296
-0.6758103
-0.6763097
-0.67409104
-0.6752654
-0.6772845
-0.67571956
-0.6753653
-0.6735279
-0.67469734
-0.6781168
-0.6750754
-0.6742538
-0.67424005
-0.6796753
-0.67762554
-0.6736998
-0.67262125
-0.67745435
-0.6740552
-0.6747913
-0.67532617
-0.6762973
-0.6767234
-0.67618245
-0.67718834
-0.6779195
-0.6743069
-0.6742884
-0.67552507
-0.67577755
-0.6756081
-0.6772286
-0.67619306
-0.67718023
-0.67417336
-0.6774594
-0.6752154
-0.6735203
-0.6739554
-0.67873955
-0.67545015
-0.6765357
-0.67573464
-0.676974
-0.67309976
-0.6717106
-0.6786094
-0.6765296
-0.67573035
-0.6769064
-0.676136
-0.6745156
-0.6782223
-0.6756738
-0.67424995
-0.6758997
-0.67448425
-0.67513263
-0.6733895
-0.6764099
-0.67539895
-0.6743638
-0.6771257
-0.6742529
-0.6750408
-0.6735794
-0.67541254
-0.6743267
-0.6735361
-0.67472976
-0.67623705
-0.6758508
-0.67890966
-0.6742958
-0.6761741
-0.67572784
-0.6738793
-0.6745084
-0.6745995
-0.6733185
-0.67575896
-0.6740134
-0.67532057
-0.67536145
-0.6778033
-0.67401886
-0.6748164
-0.67745745
-0.67764777
-0.6777128
-0.67313504
-0.6758132
-0.6753245
-0.674672
-0.6743913
-0.675373
-0.6730992
-0.6762686
-0.6726653
-0.672549
-0.6757676
-0.67654634
-0.6745715
-0.67745906
-0.67725784
-0.67412037
-0.6763256
-0.6771848
-0.6728869
-0.6764914
-0.676387
-0.6761188
-0.67694795
-0.67606014
-0.6749456
-0.6751456
-0.67556053
-0.6775305
-0.6748854
-0.67701745
-0.67661405
-0.6755851
-0.6750943
-0.6725613
-0.677524
-0.67527765
-0.67541337
-0.6732055
-0.6746172
-0.67466253
-0.6742055
-0.67724323
-0.67452556
-0.67566895
-0.67173517
-0.6773814
-0.67561007
-0.6751087
-0.67316616
-0.67358637
-0.6743731
-0.67601067
-0.67344433
-0.6741007
-0.6732154
-0.67854863
-0.67453027
-0.6771109
-0.67717606
-0.6740037
-0.6764203
-0.6756444
-0.6731559
-0.67469823
-0.6743647
-0.6776708
-0.67616224
-0.67407465
-0.67617005
-0.67566
-0.6757223
-0.67599696
-0.6766094
-0.6754278
-0.6762815
-0.67672104
-0.6751868
-0.6729077
-0.6741713
-0.67562276
-0.67816097
-0.676356
-0.67716974
-0.6752512
-0.6751603
-0.680599
-0.67600197
-0.6734103
-0.6754194
-0.67147195
-0.6730859
-0.677087
-0.6744156
-0.6757111
-0.6761056
-0.6756429
-0.6782235
-0.67532784
-0.6736417
-0.67598844
-0.675302
-0.67533356
-0.6763924
-0.6744054
-0.67474395
-0.67559
-0.6742091
-0.6766423
-0.6736408
-0.67440253
-0.6777144
-0.6746896
-0.6718708
-0.6755727
-0.6743146
-0.67528397
-0.67445666
-0.6765381
-0.6732694
-0.6766406
-0.67663956
-0.6766259
-0.6761947
-0.67463374
-0.6748706
-0.6757108
-0.6740222
-0.67320925
-0.6764922
-0.67527825
-0.6778839
-0.67603445
-0.67795336
-0.6745391
-0.6748345
-0.6731003
-0.6747285
-0.6757198
-0.6720289
-0.6758651
-0.67542434
-0.67369694
-0.675944
-0.6750407
-0.6746242
-0.6756498
-0.67267424
-0.6755473
-0.6723788
-0.675318
-0.67349195
-0.67694443
-0.6715763
-0.6745762
-0.6729194
-0.6740527
-0.6786252
-0.6748465
-0.67413265
-0.6743364
-0.67624533
-0.67458564
-0.6751674
-0.6732423
