-0.69320357
-0.6901318
-0.67866755
-0.6727172
-0.6695808
-0.6652694
-0.6663039
-0.6647221
-0.6661507
-0.66491395
-0.6627522
-0.6644562
-0.66111165
-0.66319084
-0.6647458
-0.66470283
-0.6662529
-0.664304
-0.6625624
-0.6600322
-0.6662447
-0.6626815
-0.66589385
-0.6652016
-0.66205525
-0.66251993
-0.6610376
-0.6644898
-0.66435283
-0.6610895
-0.6655414
-0.6593218
-0.66451424
-0.6615393
-0.6623707
-0.6626378
-0.6597492
-0.6604828
-0.6643509
-0.6617097
-0.66582257
-0.6637803
-0.65928
-0.6617366
-0.66115654
-0.6595741
-0.6590089
-0.6608792
-0.66060895
-0.6590194
-0.660667
-0.66173565
-0.66229564
-0.65917766
-0.6629443
-0.6624687
-0.6628292
-0.6610653
-0.66197777
-0.6660586
-0.66699106
-0.66162246
-0.65875036
-0.6634342
-0.6593912
-0.6637787
-0.6626928
-0.66397756
-0.66183996
-0.662444
-0.6606809
-0.6669665
-0.66010183
-0.660607
-0.6608287
-0.66033673
-0.6635098
-0.6629957
-0.6592448
-0.66523397
-0.66014135
-0.6638516
-0.66043556
-0.66010964
-0.65881044
-0.6646092
-0.6615855
-0.6653343
-0.6637635
-0.6637396
-0.6606851
-0.66116273
-0.66468334
-0.6638221
-0.6611052
-0.66401255
-0.6624296
-0.6611829
-0.66596943
-0.6609683
-0.6598942
-0.66111344
-0.66143036
-0.65991783
-0.6612623
-0.6616683
-0.6604661
-0.6616007
-0.66115296
-0.6601291
-0.6628777
-0.6611772
-0.65949446
-0.6592223
-0.6596177
-0.6600738
-0.6631858
-0.66310155
-0.66417366
-0.6620314
-0.6628803
-0.6594196
-0.6591801
-0.6600984
-0.659893
-0.66148436
-0.66215926
-0.6564688
-0.6608869
-0.66212165
-0.66144246
-0.65879923
-0.66101825
-0.66333103
-0.663297
-0.6622191
-0.66092634
-0.66234934
-0.6646586
-0.661642
-0.66067326
-0.65991455
-0.66053665
-0.66053796
-0.66131335
-0.6601392
-0.66035247
-0.66316
-0.661443
-0.660608
-0.66376966
-0.6608119
-0.6643704
-0.66158134
-0.65794504
-0.66125154
-0.6630317
-0.6610428
-0.6614745
-0.65958524
-0.6609482
-0.66251403
-0.6619381
-0.6637718
-0.66050273
-0.66301984
-0.66122186
-0.66385096
-0.66172755
-0.6569834
-0.6650639
-0.6600699
-0.65783495
-0.6590483
-0.6595209
-0.6610152
-0.66094494
-0.6634509
-0.661274
-0.66018826
-0.6572293
-0.6666375
-0.6614199
-0.6609439
-0.65963763
-0.6587264
-0.66115874
-0.66186315
-0.65714926
-0.6606703
-0.65995634
-0.6646738
-0.65926105
-0.661253
-0.6643846
-0.6581741
-0.66299987
-0.66200876
-0.6614037
-0.65785646
-0.66000414
-0.6638426
-0.6603914
-0.6601439
-0.66190726
-0.66366917
-0.66067296
-0.6625888
-0.6616559
-0.6626258
-0.6631505
-0.6609515
-0.66026783
-0.65837526
-0.65980715
-0.6595544
-0.6639198
-0.66325784
-0.6613734
-0.66041505
-0.65989053
-0.66610247
-0.6619869
-0.6594456
-0.66014385
-0.6567417
-0.6586769
-0.66355246
-0.6606988
-0.665069
-0.6640056
-0.6591101
-0.6618803
-0.66056246
-0.65757424
-0.6630897
-0.66036403
-0.6599294
-0.66203314
-0.6600351
-0.65974104
-0.65981865
-0.6603542
-0.6649879
-0.6585965
-0.66126704
-0.66340303
-0.66166526
-0.6593283
-0.6613264
-0.66058135
-0.6620331
-0.66152906
-0.6636216
-0.66005224
-0.66192514
-0.66293246
-0.66531515
-0.66274416
-0.65961105
-0.66126746
-0.6609508
-0.65947425
-0.659999
-0.66272295
-0.66217506
-0.66438043
-0.6609305
-0.66581434
-0.6604163
-0.6622654
-0.6583085
-0.66084623
-0.6616068
-0.6588609
-0.66091293
-0.6623609
-0.6595477
-0.6658719
-0.66172266
-0.6595272
-0.65950906
-0.66163576
-0.6599589
-0.65888745
-0.6604833
-0.6595206
-0.66296375
-0.65571487
-0.66044724
-0.6594529
-0.6588601
-0.66260207
-0.65871936
-0.65831757
-0.66184276
-0.66004527
-0.6607753
-0.6621416
-0.66020906
