-0.69270146
-0.68801326
-0.66332895
-0.6502889
-0.6455278
-0.63814723
-0.6387445
-0.6373042
-0.63417035
-0.6320656
-0.63671905
-0.63391167
-0.63029927
-0.63216543
-0.6319435
-0.63134736
-0.6320345
-0.6310445
-0.63153905
-0.62846905
-0.6327682
-0.6232481
-0.62644875
-0.63338953
-0.6290759
-0.6298836
-0.62942815
-0.628409
-0.6279499
-0.62766224
-0.6253683
-0.62964755
-0.63062286
-0.6248231
-0.6282811
-0.6286696
-0.6288636
-0.628801
-0.634458
-0.6263083
-0.62676924
-0.6239825
-0.6255545
-0.6273778
-0.6298977
-0.6277971
-0.6232792
-0.62778234
-0.6228839
-0.62685406
-0.62263066
-0.6284518
-0.6242767
-0.626384
-0.62688357
-0.62281674
-0.62507904
-0.6259717
-0.62766474
-0.6294983
-0.62397724
-0.6255974
-0.6217876
-0.6235323
-0.6229082
-0.6297246
-0.6231703
-0.6226372
-0.6220573
-0.62759596
-0.62537944
-0.62847257
-0.6217941
-0.6271706
-0.6280449
-0.62404335
-0.62500054
-0.6274442
-0.6260746
-0.6188505
-0.62556374
-0.62386644
-0.6222314
-0.62306774
-0.6250746
-0.6259639
-0.62171805
-0.62536293
-0.6240667
-0.6239103
-0.62437683
-0.61791086
-0.6239097
-0.6234549
-0.622219
-0.62420285
-0.6242072
-0.6248831
-0.62426853
-0.62610584
-0.6271153
-0.6219088
-0.6268806
-0.6246148
-0.6217401
-0.6275171
-0.6283605
-0.6266823
-0.6228405
-0.62346566
-0.6242608
-0.6221053
-0.62304574
-0.61890274
-0.62058204
-0.61530685
-0.6233173
-0.62052023
-0.6234484
-0.6213987
-0.62313247
-0.62463593
-0.6257382
-0.6251463
-0.62489814
-0.6315843
-0.62773025
-0.62568045
-0.6181785
-0.62131697
-0.62354606
-0.6218364
-0.62320757
-0.62713516
-0.62576574
-0.6249065
-0.6248947
-0.6257171
-0.6243655
-0.62421405
-0.62101936
-0.62170714
-0.62138253
-0.61932254
-0.61742276
-0.62042934
-0.62167335
-0.62089705
-0.62320495
-0.63010275
-0.62504166
-0.6212943
-0.6241632
-0.6221559
-0.623608
-0.6256191
-0.61831737
-0.6208958
-0.6201279
-0.6211281
-0.6207644
-0.62271583
-0.6262015
-0.620011
-0.621883
-0.6230427
-0.62292206
-0.6254177
-0.62393373
-0.624503
-0.6252525
-0.6257893
-0.6251221
-0.6225513
-0.619863
-0.62499756
-0.6189986
-0.6222882
-0.6210459
-0.6266505
-0.61820936
-0.61818445
-0.61865014
-0.62474227
-0.6185674
-0.62502456
-0.6230507
-0.6247279
-0.62223506
-0.6206621
-0.6245452
-0.61752474
-0.62464565
-0.6242188
-0.61913335
-0.61994684
-0.624459
-0.62096393
-0.6253124
-0.62089187
-0.6227174
-0.62115556
-0.623509
-0.6213579
-0.62088436
-0.62239224
-0.61982447
-0.6250798
-0.6182977
-0.62234885
-0.613935
-0.6225126
-0.6190385
-0.6207938
-0.622597
-0.6191914
-0.62108564
-0.6215871
-0.6222351
-0.62345856
-0.6256722
-0.62347823
-0.61758816
-0.6256834
-0.62240577
-0.6172433
-0.61904216
-0.6209579
-0.62032527
-0.61816406
-0.6233566
-0.62471205
-0.62274706
-0.6216676
-0.62102455
-0.62153447
-0.6283416
-0.61982864
-0.61986494
-0.62284464
-0.62000877
-0.6174027
-0.6180898
-0.62241465
-0.61654097
-0.6185685
-0.6205601
-0.6253786
-0.62660545
-0.6191625
-0.62135714
-0.62081224
-0.62363636
-0.6251786
-0.62461483
-0.62252986
-0.6241689
-0.62142587
-0.6221364
-0.6239549
-0.62154466
-0.62171304
-0.6212957
-0.61669993
-0.62323576
-0.6253005
-0.62022084
-0.62133145
-0.61901176
-0.623368
-0.6171349
-0.62208635
-0.6205554
-0.62124115
-0.61743313
-0.61869484
-0.62002826
-0.61826044
-0.62032825
-0.61497754
-0.6225601
-0.6221492
-0.6224074
-0.62447375
-0.62438214
-0.6189746
-0.6149174
-0.62285197
-0.6202512
-0.6201522
-0.6233058
-0.624127
-0.6253939
-0.6213937
-0.62566316
-0.6144754
-0.6183362
-0.62445104
-0.61981654
-0.619024
-0.69270146
-0.68801326
-0.66332895
-0.6502889
-0.6455278
-0.63814723
-0.6387445
-0.6373042
-0.63417035
-0.6320656
-0.63671905
-0.63391167
-0.63029927
-0.63216543
-0.6319435
-0.63134736
-0.6320345
-0.6310445
-0.63153905
-0.62846905
-0.6327682
-0.6232481
-0.62644875
-0.63338953
-0.6290759
-0.6298836
-0.62942815
-0.628409
-0.6279499
-0.62766224
-0.6253683
-0.62964755
-0.63062286
-0.6248231
-0.6282811
-0.6286696
-0.6288636
-0.628801
-0.634458
-0.6263083
-0.62676924
-0.6239825
-0.6255545
-0.6273778
-0.6298977
-0.6277971
-0.6232792
-0.62778234
-0.6228839
-0.62685406
-0.62263066
-0.6284518
-0.6242767
-0.626384
-0.62688357
-0.62281674
-0.62507904
-0.6259717
-0.62766474
-0.6294983
-0.62397724
-0.6255974
-0.6217876
-0.6235323
-0.6229082
-0.6297246
-0.6231703
-0.6226372
-0.6220573
-0.62759596
-0.62537944
-0.62847257
-0.6217941
-0.6271706
-0.6280449
-0.62404335
-0.62500054
-0.6274442
-0.6260746
-0.6188505
-0.62556374
-0.62386644
-0.6222314
-0.62306774
-0.6250746
-0.6259639
-0.62171805
-0.62536293
-0.6240667
-0.6239103
-0.62437683
-0.61791086
-0.6239097
-0.6234549
-0.622219
-0.62420285
-0.6242072
-0.6248831
-0.62426853
-0.62610584
-0.6271153
-0.6219088
-0.6268806
-0.6246148
-0.6217401
-0.6275171
-0.6283605
-0.6266823
-0.6228405
-0.62346566
-0.6242608
-0.6221053
-0.62304574
-0.61890274
-0.62058204
-0.61530685
-0.6233173
-0.62052023
-0.6234484
-0.6213987
-0.62313247
-0.62463593
-0.6257382
-0.6251463
-0.62489814
-0.6315843
-0.62773025
-0.62568045
-0.6181785
-0.62131697
-0.62354606
-0.6218364
-0.62320757
-0.62713516
-0.62576574
-0.6249065
-0.6248947
-0.6257171
-0.6243655
-0.62421405
-0.62101936
-0.62170714
-0.62138253
-0.61932254
-0.61742276
-0.62042934
-0.62167335
-0.62089705
-0.62320495
-0.63010275
-0.62504166
-0.6212943
-0.6241632
-0.6221559
-0.623608
-0.6256191
-0.61831737
-0.6208958
-0.6201279
-0.6211281
-0.6207644
-0.62271583
-0.6262015
-0.620011
-0.621883
-0.6230427
-0.62292206
-0.6254177
-0.62393373
-0.624503
-0.6252525
-0.6257893
-0.6251221
-0.6225513
-0.619863
-0.62499756
-0.6189986
-0.6222882
-0.6210459
-0.6266505
-0.61820936
-0.61818445
-0.61865014
-0.62474227
-0.6185674
-0.62502456
-0.6230507
-0.6247279
-0.62223506
-0.6206621
-0.6245452
-0.61752474
-0.62464565
-0.6242188
-0.61913335
-0.61994684
-0.624459
-0.62096393
-0.6253124
-0.62089187
-0.6227174
-0.62115556
-0.623509
-0.6213579
-0.62088436
-0.62239224
-0.61982447
-0.6250798
-0.6182977
-0.62234885
-0.613935
-0.6225126
-0.6190385
-0.6207938
-0.622597
-0.6191914
-0.62108564
-0.6215871
-0.6222351
-0.62345856
-0.6256722
-0.62347823
-0.61758816
-0.6256834
-0.62240577
-0.6172433
-0.61904216
-0.6209579
-0.62032527
-0.61816406
-0.6233566
-0.62471205
-0.62274706
-0.6216676
-0.62102455
-0.62153447
-0.6283416
-0.61982864
-0.61986494
-0.62284464
-0.62000877
-0.6174027
-0.6180898
-0.62241465
-0.61654097
-0.6185685
-0.6205601
-0.6253786
-0.62660545
-0.6191625
-0.62135714
-0.62081224
-0.62363636
-0.6251786
-0.62461483
-0.62252986
-0.6241689
-0.62142587
-0.6221364
-0.6239549
-0.62154466
-0.62171304
-0.6212957
-0.61669993
-0.62323576
-0.6253005
-0.62022084
-0.62133145
-0.61901176
-0.623368
-0.6171349
-0.62208635
-0.6205554
-0.62124115
-0.61743313
-0.61869484
-0.62002826
-0.61826044
-0.62032825
-0.61497754
-0.6225601
-0.6221492
-0.6224074
-0.62447375
-0.62438214
-0.6189746
-0.6149174
-0.62285197
-0.6202512
-0.6201522
-0.6233058
-0.624127
-0.6253939
-0.6213937
-0.62566316
-0.6144754
-0.6183362
-0.62445104
-0.61981654
-0.619024
