-0.61304104
-0.6183411
-0.61670464
-0.6188354
-0.61653996
-0.6175116
-0.6177296
-0.61603683
-0.6159739
-0.6162673
-0.61607784
-0.61689925
-0.6175657
-0.6164715
-0.61719805
-0.6154388
-0.61536187
-0.61827916
-0.61843455
-0.6143675
-0.61349654
-0.6129495
-0.60783565
-0.61549217
-0.61167645
-0.6081673
-0.61729103
-0.60789984
-0.6094611
-0.6128662
-0.6141305
-0.61341727
-0.6104979
-0.60633624
-0.6084121
-0.6107366
-0.608526
-0.61060303
-0.6129365
-0.60669494
-0.6108457
-0.61105937
-0.61125374
-0.60624903
-0.60497135
-0.60797846
-0.60530496
-0.61248016
-0.6038375
-0.6114366
-0.6038549
-0.60785115
-0.6105272
-0.60568345
-0.60529584
-0.60944206
-0.6047766
-0.6047457
-0.6045771
-0.60533047
-0.6066009
-0.60258484
-0.60952455
-0.6034303
-0.60878557
-0.60319436
-0.60491323
-0.5983748
-0.6004853
-0.61113524
-0.61277366
-0.6035088
-0.6003004
-0.6095541
-0.6059701
-0.6129647
-0.6029209
-0.6076002
-0.60638183
-0.60053694
-0.60533184
-0.60646677
-0.6023658
-0.6078953
-0.6058953
-0.60604143
-0.60429466
-0.6033711
-0.6007372
-0.60567266
-0.60092837
-0.6001621
-0.6068059
-0.602251
-0.60011965
-0.6044389
-0.6039202
-0.6041474
-0.601665
-0.60476583
-0.609904
-0.59728193
-0.6015259
-0.6059926
-0.6008456
-0.60835546
-0.6125039
-0.60773855
-0.6009477
-0.599775
-0.60991186
-0.60810465
-0.6063437
-0.6027298
-0.5977165
-0.60125417
-0.6000804
-0.60505104
-0.6063858
-0.60180813
-0.6117418
-0.6045413
-0.60232776
-0.60296094
-0.59965575
-0.60584897
-0.600542
-0.6047162
-0.60950375
-0.60104716
-0.6010759
-0.6082859
-0.60146105
-0.60075414
-0.60347265
-0.602054
-0.6022142
-0.6032543
-0.6039272
-0.6024878
-0.60691345
-0.6032573
-0.60189635
-0.60548145
-0.5941695
-0.60149455
-0.60273457
-0.6041807
-0.61066586
-0.6076
-0.6028089
-0.6023351
-0.6056886
-0.6007038
-0.5988922
-0.6039582
-0.6065666
-0.60908186
-0.6043337
-0.59477437
-0.5978005
-0.60251826
-0.60519254
-0.6057337
-0.60168326
-0.6001834
-0.60664046
-0.60215974
-0.6035868
-0.60207963
-0.6046196
-0.60543734
-0.60293067
-0.6021892
-0.6037296
-0.6000678
-0.6020511
-0.6038043
-0.601264
-0.6082517
-0.607591
-0.607595
-0.60358703
-0.6070573
-0.5992672
-0.6028828
-0.6055825
-0.6122674
-0.6066972
-0.5998645
-0.59767985
-0.6033065
-0.60323614
-0.6030562
-0.60036993
-0.60243946
-0.60452867
-0.6056514
-0.60719126
-0.6067525
-0.6046179
-0.5979154
-0.60342103
-0.60002816
-0.60761803
-0.6059924
-0.6020611
-0.6033641
-0.5994844
-0.6026685
-0.60137695
-0.6077093
-0.5998007
-0.602726
-0.60559994
-0.6024704
-0.6014669
-0.6055297
-0.6022394
-0.6058496
-0.60505915
-0.6048659
-0.60244334
-0.6049481
-0.60007423
-0.6052349
-0.6003003
-0.601538
-0.60428417
-0.60024667
-0.6051239
-0.6019078
-0.5997394
-0.60344213
-0.60233474
-0.6024279
-0.6066677
-0.5987831
-0.6070335
-0.6038189
-0.60646415
-0.5981653
-0.60135204
-0.6041902
-0.6055216
-0.60511065
-0.6044174
-0.60570073
-0.60043347
-0.6065022
-0.6008279
-0.59753484
-0.6038504
-0.6015063
-0.6041387
-0.60391015
-0.608467
-0.5973532
-0.60058665
-0.5973153
-0.60628676
-0.60092884
-0.59869385
-0.6074076
-0.60616964
-0.5999219
-0.6036784
-0.6088805
-0.60047764
-0.60253346
-0.60281104
-0.6041416
-0.6051991
-0.60501987
-0.60137194
-0.6080639
-0.60826313
-0.60085845
-0.60514456
-0.5956287
-0.60172313
-0.6045858
-0.6004062
-0.6031703
-0.59907246
-0.60456043
-0.5991989
-0.6027026
-0.6022119
-0.6033306
-0.5964531
-0.5994597
-0.5986655
-0.6020498
-0.60232186
-0.6024452
-0.60183847
-0.6040625
-0.60492814
-0.6010043
