-0.6285196
-0.6196638
-0.6084103
-0.6065456
-0.6051647
-0.5990042
-0.604932
-0.5973245
-0.60161394
-0.5946808
-0.5959989
-0.59784454
-0.59589434
-0.59501356
-0.59957004
-0.5966316
-0.600876
-0.5966636
-0.59553057
-0.5994601
-0.5976261
-0.5938976
-0.5915265
-0.5865625
-0.5928368
-0.5962292
-0.5984817
-0.6002481
-0.5992461
-0.59733635
-0.5991777
-0.5945272
-0.5966109
-0.5938267
-0.6005899
-0.59776556
-0.59653753
-0.59590626
-0.5903496
-0.59482807
-0.5981988
-0.5906548
-0.5936751
-0.5935775
-0.59350574
-0.6003309
-0.5931639
-0.5934916
-0.5939427
-0.59644854
-0.5945401
-0.59698606
-0.5944625
-0.59525174
-0.59519994
-0.59371597
-0.59461117
-0.5986515
-0.59798574
-0.5974188
-0.60364413
-0.5931098
-0.59224665
-0.59720325
-0.5933043
-0.59506696
-0.59970075
-0.5985118
-0.5963314
-0.59382236
-0.5999979
-0.5982772
-0.592643
-0.59428716
-0.59743804
-0.5938705
-0.5914661
-0.5896654
-0.59556013
-0.5980942
-0.5906186
-0.59635746
-0.60138744
-0.59284586
-0.58849686
-0.5965752
-0.5953291
-0.58932585
-0.5895794
-0.5937722
-0.5931924
-0.5896003
-0.5952659
-0.6016343
-0.5950813
-0.5928902
-0.58829015
-0.5930718
-0.58965915
-0.59949344
-0.59251666
-0.59212977
-0.5946845
-0.5904466
-0.5934227
-0.59597474
-0.5927976
-0.59731996
-0.5930704
-0.5981765
-0.59527165
-0.59227496
-0.59405094
-0.5937783
-0.5901599
-0.59447336
-0.5964503
-0.5967642
-0.5957968
-0.59278244
-0.59447634
-0.59035385
-0.59508544
-0.59675914
-0.5962097
-0.596244
-0.5998302
-0.59535784
-0.59337085
-0.5914762
-0.5946634
-0.58313507
-0.5934013
-0.59120834
-0.5937212
-0.5954386
-0.59679884
-0.5990228
-0.59275365
-0.59063107
-0.5896663
-0.6001051
-0.5913307
-0.59321576
-0.5912288
-0.58694834
-0.5928552
-0.5971328
-0.59403265
-0.5966535
-0.59263575
-0.5968072
-0.58812386
-0.5960451
-0.5936551
-0.59914523
-0.59960455
-0.5882589
-0.59661704
-0.59409744
-0.58618253
-0.5914189
-0.5967564
-0.5976969
-0.59779465
-0.59047014
-0.596502
-0.5935522
-0.59507185
-0.5925593
-0.5924551
-0.5943194
-0.5947589
-0.59532183
-0.58874935
-0.5902136
-0.5942182
-0.5928331
-0.5912929
-0.5938003
-0.58841
-0.5993714
-0.5944566
-0.5928253
-0.59316677
-0.59434426
-0.59678155
-0.58965445
-0.58958447
-0.58929473
-0.58896106
-0.5895357
-0.59203535
-0.5906331
-0.5919816
-0.59204465
-0.6009313
-0.58893776
-0.59291434
-0.5956246
-0.59178543
-0.59633154
-0.59343106
-0.5971023
-0.59130543
-0.58751935
-0.59314835
-0.59756744
-0.5962071
-0.5951545
-0.593278
-0.6013188
-0.5981861
-0.59175533
-0.59230775
-0.5888651
-0.59381723
-0.59375334
-0.5930451
-0.59285825
-0.5943082
-0.59655815
-0.59517634
-0.59286875
-0.5879354
-0.5941433
-0.6011307
-0.5921412
-0.59451884
-0.59635884
-0.5931078
-0.59205097
-0.5896483
-0.588404
-0.59935033
-0.58970577
-0.5936234
-0.59440345
-0.59144044
-0.5995617
-0.5925611
-0.588875
-0.59265494
-0.59675837
-0.5909473
-0.59724426
-0.5982269
-0.59032524
-0.58928573
-0.5908203
-0.5942645
-0.5906388
-0.5932532
-0.5911374
-0.5874847
-0.5928111
-0.5873144
-0.59352934
-0.59216744
-0.59299886
-0.5979057
-0.5935546
-0.5957432
-0.5947732
-0.5934336
-0.5981279
-0.58931726
-0.5911748
-0.5942111
-0.59668
-0.59171385
-0.5960072
-0.59465027
-0.59461546
-0.5898605
-0.5952949
-0.5946921
-0.591636
-0.59988016
-0.594277
-0.5897011
-0.59200484
-0.5988729
-0.59684163
-0.58994436
-0.5952273
-0.5883251
-0.58952326
-0.6002944
-0.5937212
-0.5896624
-0.5928768
-0.59436005
-0.60317916
-0.59400505
-0.5949958
-0.5874393
-0.5916806
-0.5914011
-0.5932077
