-0.69322014
-0.6928354
-0.6929665
-0.6926331
-0.6925893
-0.6922594
-0.69179827
-0.69145995
-0.68964756
-0.6885134
-0.6863195
-0.68383956
-0.68111706
-0.67800546
-0.67489594
-0.6727884
-0.67101914
-0.66921765
-0.6660039
-0.6656363
-0.66546905
-0.6634918
-0.6646539
-0.6611553
-0.66046304
-0.66115654
-0.6604261
-0.6573169
-0.65419066
-0.65530646
-0.65466785
-0.65325683
-0.6515987
-0.651745
-0.6536663
-0.6485926
-0.648912
-0.65057606
-0.6505361
-0.645328
-0.6520629
-0.6441781
-0.6489665
-0.6453061
-0.6435895
-0.6491921
-0.6410276
-0.64887553
-0.6405685
-0.64287335
-0.64007646
-0.64176637
-0.64654565
-0.640536
-0.6427482
-0.64084345
-0.63742775
-0.64198154
-0.6421356
-0.639627
-0.64199334
-0.6423398
-0.64181423
-0.6388311
-0.6370256
-0.64058745
-0.6396735
-0.64496136
-0.63855565
-0.63917106
-0.6346231
-0.64010596
-0.63261163
-0.6351631
-0.63962066
-0.6375167
-0.633196
-0.6389684
-0.6324314
-0.63353014
-0.63576543
-0.6355324
-0.63465875
-0.63710916
-0.63771904
-0.6345548
-0.6375641
-0.6360134
-0.6307094
-0.6321518
-0.64003766
-0.63166463
-0.63191855
-0.6292938
-0.6303798
-0.63745314
-0.6331606
-0.63339716
-0.63156545
-0.6330236
-0.63615847
-0.6324208
-0.63479215
-0.6283515
-0.63112986
-0.63134325
-0.63339543
-0.63687056
-0.6332614
-0.63381463
-0.6340555
-0.63421786
-0.6318026
-0.6320948
-0.6316172
-0.63025755
-0.63600767
-0.63373053
-0.6365615
-0.631655
-0.6312358
-0.63405234
-0.6310986
-0.6319011
-0.6348611
-0.6277234
-0.63326883
-0.63118654
-0.63166004
-0.63203615
-0.63154876
-0.6298897
-0.6315041
-0.62697494
-0.636756
-0.63062483
-0.6338715
-0.6299374
-0.63377476
-0.6321072
-0.6298414
-0.6304021
-0.63020074
-0.63230455
-0.6293153
-0.6280052
-0.6327502
-0.6354504
-0.6309784
-0.6329151
-0.6297563
-0.63143355
-0.63003224
-0.63495696
-0.6250753
-0.62843436
-0.63085026
-0.63344944
-0.63281447
-0.6318587
-0.6317687
-0.6284953
-0.63243824
-0.6332224
-0.6343073
-0.6263107
-0.6290741
-0.63249344
-0.63212526
-0.62999684
-0.63210106
-0.6335688
-0.6287515
-0.62857944
-0.6306039
-0.6299798
-0.6306912
-0.6346292
-0.62944573
-0.6285917
-0.63183886
-0.6306353
-0.6335116
-0.6326717
-0.62268025
-0.62592566
-0.63020396
-0.62737644
-0.6283209
-0.62958395
-0.6256071
-0.63109773
-0.63218206
-0.6275259
-0.629685
-0.6294696
-0.6284266
-0.625092
-0.6254167
-0.62992126
-0.63058037
-0.63036686
-0.6261846
-0.63362586
-0.6300541
-0.63166136
-0.62431043
-0.62591255
-0.62846655
-0.631077
-0.628967
-0.6318269
-0.6310116
-0.6263633
-0.6272537
-0.6221883
-0.63765985
-0.63175523
-0.6290466
-0.6305463
-0.6273775
-0.62531304
-0.6288951
-0.6245102
-0.62784934
-0.6303683
-0.6265238
-0.6269573
-0.62674206
-0.62527883
-0.6268909
-0.63203716
-0.62616867
-0.63104236
-0.62788427
-0.628749
-0.624438
-0.6320149
-0.62193924
-0.6265978
-0.62624747
-0.6258401
-0.62527066
-0.6303716
-0.6297518
-0.63140833
-0.62713784
-0.62951416
-0.62500864
-0.6268135
-0.6293549
-0.6262352
-0.6249741
-0.62934524
-0.6276537
-0.62989956
-0.6320267
-0.63214886
-0.6295317
-0.62688583
-0.62900686
-0.6316998
-0.62536216
-0.63451934
-0.6347854
-0.6294223
-0.6302965
-0.62979513
-0.62971497
-0.62630886
-0.6296096
-0.62459695
-0.6277617
-0.6293016
-0.6301898
-0.62510043
-0.6268987
-0.62792957
-0.62640053
-0.6280212
-0.6285346
-0.6298491
-0.6280713
-0.6265205
-0.6252705
-0.62887496
-0.62719434
-0.63044727
-0.6252614
-0.6287952
-0.6260999
-0.6274407
-0.62589663
-0.62617356
-0.6246273
-0.62762725
-0.62439674
-0.6273969
-0.62522393
-0.6325452
-0.6269823
-0.62786114
-0.6294886
-0.62577784
-0.625708
-0.6303294
-0.6271716
-0.62880224
-0.6258689
-0.629279
-0.62786007
-0.624632
-0.62610805
-0.62536997
-0.6231731
-0.6291994
-0.6277493
-0.6263712
-0.62524134
-0.6294934
-0.62846863
-0.6264784
-0.6291725
-0.62677485
-0.6309979
-0.62703145
-0.6217132
-0.62657446
-0.6291585
-0.6316308
-0.62668896
-0.63032895
-0.6262154
-0.62829643
-0.6248408
-0.6324922
-0.62732756
-0.63258934
-0.62378097
-0.62347794
-0.628052
-0.6305689
-0.6296374
-0.62916785
-0.6311901
-0.6266653
-0.62488955
-0.6299319
-0.62752146
-0.63127756
-0.6280583
-0.6233361
-0.6232747
-0.630461
-0.6281475
-0.6244175
-0.6216546
-0.6276811
-0.62933385
-0.6261846
-0.629624
-0.6271289
-0.6233267
-0.6285611
-0.6236161
-0.63102806
-0.62684876
-0.62317127
-0.6295935
-0.63149095
-0.6300378
-0.62424314
-0.6289145
-0.6293336
-0.6301289
-0.6261802
-0.62735873
-0.6251009
-0.6247506
-0.62564284
-0.63077664
-0.6275156
-0.6285325
-0.6244978
-0.6258266
-0.6267012
-0.6264647
-0.6255146
-0.6271539
-0.62602174
-0.618234
-0.6235087
-0.6253183
-0.62600493
-0.62863636
-0.6276383
-0.6276681
-0.6287752
-0.62814105
-0.6247843
-0.6271851
-0.6261483
-0.62900895
-0.62922406
-0.62880105
-0.62757444
-0.6281999
-0.6236393
-0.6257571
-0.62786704
-0.6250915
-0.6295263
-0.6269694
-0.6224199
-0.62868667
-0.6274721
-0.62926847
-0.6289893
-0.6272055
-0.6254483
-0.62621444
-0.6248059
-0.62052137
-0.6297923
-0.6248821
-0.6231663
-0.6266193
-0.62793285
-0.6245925
-0.62936944
-0.62940943
-0.62341183
-0.62250113
-0.62246096
-0.62822515
-0.6268984
-0.62436825
-0.6283055
-0.626042
-0.6268687
-0.6253322
-0.6261242
-0.62211215
-0.62218124
-0.6253713
-0.628674
-0.6247892
-0.6241458
-0.6241649
-0.6274357
-0.6257919
-0.63264406
-0.62702554
-0.6208642
-0.62493306
-0.6263889
-0.62500215
-0.6311605
-0.6274639
-0.62625104
-0.62855726
-0.62528276
-0.6232913
-0.62385595
-0.6249174
-0.6292296
-0.62848467
-0.6284569
-0.62888426
-0.6293064
-0.6256274
-0.62355924
-0.62729746
-0.6229347
-0.6253601
-0.62626255
-0.6290478
-0.624496
-0.6203369
-0.6307082
-0.6222432
-0.62591094
-0.628449
-0.62708694
-0.6180805
-0.6313385
-0.62861794
-0.6273128
-0.6293005
-0.6260586
-0.62531793
-0.6271694
-0.62504464
-0.62548214
-0.6257169
-0.62384427
-0.62006694
-0.6250386
-0.61934555
-0.6265995
