-0.6920903
-0.67148477
-0.6515444
-0.63654226
-0.630564
-0.6307892
-0.6264411
-0.6204814
-0.6180505
-0.6151733
-0.61678404
-0.60995996
-0.61119
-0.6166852
-0.6087221
-0.6098337
-0.61386144
-0.614713
-0.610475
-0.612458
-0.6079872
-0.6076906
-0.61151725
-0.60942614
-0.6120219
-0.6047658
-0.6083774
-0.6108402
-0.6090234
-0.6039848
-0.60652465
-0.6113662
-0.6096805
-0.6040473
-0.6096659
-0.6054405
-0.60721177
-0.6050612
-0.6067606
-0.59888
-0.6064987
-0.60762334
-0.5995951
-0.60847044
-0.6019631
-0.6043571
-0.6021134
-0.6004508
-0.6046975
-0.6032757
-0.6090812
-0.6062261
-0.61055636
-0.6093726
-0.60534084
-0.60485715
-0.6030196
-0.6096285
-0.5981946
-0.6048291
-0.6070363
-0.60176265
-0.6011684
-0.60959584
-0.6051548
-0.60708666
-0.6033071
-0.60058963
-0.60439926
-0.6008355
-0.6008153
-0.60251456
-0.60544515
-0.60092825
-0.60064745
-0.60795945
-0.60093874
-0.59959257
-0.60004073
-0.6043824
-0.6002345
-0.6018206
-0.6038577
-0.60094255
-0.60150295
-0.6001904
-0.5974998
-0.60301006
-0.5993653
-0.60105914
-0.6064596
-0.5994152
-0.6033304
-0.5988357
-0.6066238
-0.6040486
-0.6029851
-0.6036484
-0.59612316
-0.6067965
-0.5965421
-0.5994693
-0.59776896
-0.6008105
-0.6008078
-0.6046099
-0.6006925
-0.60363436
-0.60231584
-0.59873676
-0.60577875
-0.6006683
-0.60291344
-0.60069585
-0.60584277
-0.59929794
-0.59993625
-0.5959637
-0.591234
-0.59785324
-0.59240234
-0.6006387
-0.59724015
-0.5995242
-0.6007334
-0.59474003
-0.5921991
-0.60200644
-0.5974374
-0.59589356
-0.6010177
-0.5972324
-0.5951228
-0.60215807
-0.5991206
-0.6035053
-0.60119534
-0.5957264
-0.59300727
-0.597082
-0.6034495
-0.594276
-0.59460044
-0.60568
-0.5988547
-0.5989231
-0.5993234
-0.5959943
-0.5991387
-0.60036176
-0.6033908
-0.59649426
-0.6009227
-0.5960834
-0.597878
-0.60180634
-0.6029291
-0.6006871
-0.5958488
-0.59110045
-0.60321563
-0.59996355
-0.5985629
-0.5990663
-0.6000288
-0.5957194
-0.6045206
-0.5950912
-0.5963786
-0.5980134
-0.59992903
-0.6034775
-0.6038074
-0.59656745
-0.59656453
-0.5940956
-0.59762436
-0.60162485
-0.5963087
-0.5974841
-0.6024304
-0.5965809
-0.6003135
-0.5982872
-0.5979467
-0.59892297
-0.60030943
-0.6028736
-0.5960628
-0.5968492
-0.5965019
-0.5977448
-0.60470885
-0.5951105
-0.5953131
-0.60503376
-0.59175766
-0.5972155
-0.5971093
-0.59807014
-0.5970129
-0.5959034
-0.60135144
-0.5983338
-0.5964387
-0.5981001
-0.59807616
-0.5954359
-0.5941464
-0.59923166
-0.60119516
-0.597147
-0.6005873
-0.587774
-0.60056573
-0.5931454
-0.59751457
-0.58909136
-0.5918174
-0.59997606
-0.59568584
-0.5951896
-0.5969571
-0.59063035
-0.6000731
-0.598459
-0.59892684
-0.59607196
-0.60207355
-0.59707487
-0.59874713
-0.59849423
-0.59524053
-0.59879416
-0.59800863
-0.59183013
-0.5997937
-0.59650934
-0.59499973
-0.5976538
-0.5953873
-0.59623283
-0.59720266
-0.59897417
-0.5987076
-0.59271175
-0.6008583
-0.5951408
-0.596062
-0.5981314
-0.5919422
-0.5909242
-0.59722376
-0.59828866
-0.5925208
-0.5920559
-0.5998535
-0.6017359
-0.59315026
-0.5955156
-0.5899866
-0.5962059
-0.5936019
-0.594544
-0.5970231
-0.59516084
-0.59156907
-0.5944665
-0.5981846
-0.5996848
-0.5931589
-0.5901282
-0.5933718
-0.5991669
-0.5936
-0.5989064
-0.60146946
-0.59257084
-0.6004212
-0.5978389
-0.5928806
-0.6013753
-0.59579086
-0.59196794
-0.598679
-0.59689146
-0.5966022
-0.59267414
-0.59113115
-0.5929048
-0.5919617
-0.5948182
-0.59523404
-0.601066
-0.59786075
-0.59335756
-0.59611034
-0.59270066
-0.5925319
-0.5905868
