-0.6511164
-0.6192528
-0.6121543
-0.610292
-0.61200655
-0.6052905
-0.60225475
-0.6099484
-0.6034975
-0.60649526
-0.60495824
-0.6095582
-0.60190386
-0.60517734
-0.6027884
-0.6110203
-0.607327
-0.59814346
-0.6012737
-0.6062408
-0.60666615
-0.60615987
-0.595283
-0.6025293
-0.60367507
-0.60570353
-0.6042179
-0.6030487
-0.6060488
-0.59956473
-0.60650223
-0.6009661
-0.59852904
-0.60537493
-0.60014594
-0.600196
-0.6008478
-0.60167235
-0.6035242
-0.6009768
-0.6089605
-0.60372996
-0.6074812
-0.602435
-0.6012457
-0.6035204
-0.5985088
-0.6056769
-0.60492647
-0.60606194
-0.6064682
-0.60226035
-0.608317
-0.5998609
-0.60562307
-0.6005716
-0.6028337
-0.6009898
-0.6060128
-0.6045568
-0.6041415
-0.60708076
-0.5991088
-0.60479647
-0.60077673
-0.60422146
-0.60470814
-0.5984141
-0.604091
-0.6005705
-0.6084305
-0.60601145
-0.60021615
-0.60170126
-0.60552555
-0.60189706
-0.59830064
-0.6004413
-0.6037002
-0.6061335
-0.60049593
-0.6049707
-0.60877526
-0.60194296
-0.5984047
-0.6060477
-0.6035278
-0.59921974
-0.5975994
-0.6055594
-0.6021897
-0.5979509
-0.60426646
-0.6107353
-0.6045727
-0.6011477
-0.5981081
-0.6020257
-0.60164195
-0.6073286
-0.6007112
-0.6010467
-0.6045566
-0.59944266
-0.6024163
-0.6044767
-0.603159
-0.6066755
-0.6005134
-0.6079172
-0.6038786
-0.60104465
-0.6040021
-0.60611475
-0.60030365
-0.60359854
-0.6051678
-0.6037675
-0.6036959
-0.6015223
-0.6046412
-0.59950125
-0.6057753
-0.60614747
-0.603663
-0.6038276
-0.6093577
-0.60408753
-0.6022991
-0.59867346
-0.602738
-0.5948628
-0.6031085
-0.5998055
-0.6036073
-0.6048731
-0.6052696
-0.6084051
-0.60318124
-0.6004365
-0.60108155
-0.6089888
-0.60157186
-0.6014322
-0.60062855
-0.59809095
-0.6021545
-0.60607463
-0.6038142
-0.60701865
-0.6023556
-0.606705
-0.59783334
-0.604055
-0.60436106
-0.60715145
-0.60729945
-0.5973515
-0.60583705
-0.60345924
-0.59467214
-0.60132325
-0.6074499
-0.6075481
-0.60709625
-0.6001586
-0.60540307
-0.6028728
-0.60279953
-0.60147
-0.6026864
-0.60403013
-0.6043816
-0.60539186
-0.597502
-0.5999785
-0.60284805
-0.6032232
-0.6013705
-0.60205734
-0.5988976
-0.6104691
-0.602436
-0.6005064
-0.6031218
-0.60577613
-0.60581154
-0.59848213
-0.60023636
-0.59831035
-0.5986845
-0.6005949
-0.6030045
-0.6006703
-0.6000452
-0.60173655
-0.6112535
-0.59800965
-0.60527825
-0.60545385
-0.6002428
-0.6052524
-0.6045209
-0.60833573
-0.601496
-0.5989104
-0.60252553
-0.60734445
-0.60413694
-0.60565907
-0.60445285
-0.60824364
-0.6070467
-0.6022853
-0.60129505
-0.59964657
-0.60400087
-0.60433817
-0.60277617
-0.60205406
-0.60254204
-0.6064255
-0.6049034
-0.6035697
-0.5973545
-0.6044464
-0.61077094
-0.6024577
-0.60543
-0.60498565
-0.6031794
-0.601599
-0.6002938
-0.59874433
-0.6101219
-0.6001258
-0.6022387
-0.6045516
-0.6000973
-0.6084344
-0.60106486
-0.6005363
-0.601281
-0.60663784
-0.60026854
-0.6066113
-0.60907894
-0.6006002
-0.5992587
-0.6007505
-0.6047936
-0.600495
-0.60210687
-0.6011433
-0.5967859
-0.60243887
-0.5982617
-0.60352147
-0.6029885
-0.6003366
-0.60778445
-0.6029025
-0.6047953
-0.6033818
-0.6022468
-0.60768974
-0.59963477
-0.6007591
-0.6050562
-0.6061733
-0.6019616
-0.60417885
-0.60670394
-0.6054365
-0.59975547
-0.6052947
-0.60517836
-0.600953
-0.60825825
-0.604831
-0.6001094
-0.6020561
-0.6088604
-0.6060851
-0.6004447
-0.6059487
-0.5971095
-0.5996801
-0.6089057
-0.6030783
-0.59867495
-0.6024424
-0.60437423
-0.6125657
-0.60222054
-0.6049763
-0.597265
-0.60183966
-0.6003613
-0.6031927
