-0.6931864
-0.6925868
-0.69308406
-0.69284564
-0.6927986
-0.6920543
-0.6918581
-0.6913647
-0.6905102
-0.68891
-0.6873025
-0.68509454
-0.68242663
-0.6796449
-0.6776652
-0.6735511
-0.6725816
-0.66781735
-0.66861105
-0.6661542
-0.66397
-0.6618235
-0.6631813
-0.6618947
-0.661511
-0.65967286
-0.65720296
-0.6550203
-0.65308565
-0.6519145
-0.6517408
-0.6518604
-0.65240836
-0.64908415
-0.65117866
-0.652289
-0.6519588
-0.65357715
-0.6485879
-0.65047574
-0.6433043
-0.64530146
-0.6482673
-0.6452204
-0.64387834
-0.6489086
-0.6439445
-0.6435519
-0.64179456
-0.6435904
-0.6435222
-0.64271367
-0.6388874
-0.63884234
-0.6380797
-0.63965976
-0.6380424
-0.63487124
-0.63997364
-0.6409374
-0.64062387
-0.63266337
-0.6393474
-0.63573
-0.63720286
-0.63612777
-0.63933927
-0.6355339
-0.6363169
-0.6343131
-0.6352086
-0.63806725
-0.6395343
-0.6364235
-0.63969797
-0.63119954
-0.6334494
-0.631637
-0.63195765
-0.6308375
-0.6324696
-0.63071764
-0.6322211
-0.62926143
-0.63362527
-0.6325614
-0.633635
-0.63121754
-0.63714707
-0.6320162
-0.63255316
-0.6325455
-0.63217515
-0.63534576
-0.631369
-0.63363045
-0.62760067
-0.63221115
-0.62435293
-0.63197273
-0.6323344
-0.6259296
-0.6285671
-0.6292708
-0.6308777
-0.63158786
-0.6259957
-0.63181543
-0.6277412
-0.62616867
-0.6312101
-0.6327602
-0.6261091
-0.6257877
-0.6313633
-0.63157463
-0.62731975
-0.62613726
-0.63238275
-0.6316852
-0.62864727
-0.6273224
-0.6285338
-0.62926024
-0.6257497
-0.62966293
-0.6268566
-0.6300449
-0.62715673
-0.62745124
-0.6291105
-0.6302638
-0.630982
-0.63022083
-0.62666893
-0.6279601
-0.63453466
-0.6314893
-0.6264473
-0.6270211
-0.6311261
-0.6286035
-0.62810284
-0.624832
-0.62961394
-0.63351774
-0.63161427
-0.6253476
-0.6256907
-0.6282192
-0.62960225
-0.63024336
-0.6256222
-0.6275251
-0.62755895
-0.62558806
-0.62890255
-0.6321788
-0.6322861
-0.63074756
-0.62761414
-0.63295627
-0.6275699
-0.6296661
-0.6288654
-0.6284073
-0.62850577
-0.6316275
-0.6214603
-0.6293623
-0.62861717
-0.62629646
-0.6272124
-0.6280518
-0.63352495
-0.6250471
-0.62766236
-0.6270375
-0.62636244
-0.6258859
-0.6252408
-0.62893623
-0.6275204
-0.62551945
-0.62974244
-0.6301639
-0.6292256
-0.62418693
-0.6314782
-0.6238747
-0.62733835
-0.6227442
-0.633223
-0.62195146
-0.6232852
-0.62596095
-0.6270171
-0.6221346
-0.6267528
-0.62523687
-0.6243867
-0.62847763
-0.6215043
-0.62132215
-0.6269987
-0.6356264
-0.62676924
-0.63132876
-0.627243
-0.6265016
-0.63298047
-0.6268782
-0.6286494
-0.6271705
-0.6228546
-0.62782073
-0.62714106
-0.62754476
-0.63174707
-0.62993026
-0.626978
-0.6277589
-0.62803864
-0.62658805
-0.63197863
-0.62667936
-0.62510854
-0.6205554
-0.62827945
-0.62253356
-0.6293888
-0.6287945
-0.6231981
-0.6226289
-0.6233471
-0.6211613
-0.6246443
-0.62894195
-0.6244084
-0.6257849
-0.6253319
-0.6301794
-0.62518793
-0.62270427
-0.6225045
-0.6271588
-0.62029606
-0.6249925
-0.6317204
-0.6260749
-0.62381804
-0.63082606
-0.6266359
-0.6281726
-0.6275324
-0.628445
-0.627988
-0.6240397
-0.62758064
-0.6273848
-0.62758344
-0.6304895
-0.6253909
-0.627561
-0.6296732
-0.6225566
-0.62672496
-0.6260084
-0.63328356
-0.6224893
-0.627166
-0.6254752
-0.62137556
-0.632045
-0.62378937
-0.6294445
-0.6250658
-0.62485445
-0.6276236
-0.63021916
-0.6245065
-0.6236461
-0.62590486
-0.62696093
-0.6281912
-0.6273595
-0.62687325
-0.6273901
-0.6269378
-0.62785006
-0.6240706
-0.6289436
-0.6284619
-0.6240282
-0.62654924
-0.62932074
-0.62773466
-0.62435603
-0.6262253
-0.6240361
-0.624051
-0.62487316
-0.62350714
-0.62150717
-0.6250214
-0.62013125
-0.6272772
-0.62829185
-0.6263768
-0.62430817
-0.6252564
-0.62450165
-0.62990564
-0.62461007
-0.62566596
-0.62639076
-0.623826
-0.6260608
-0.62827295
-0.6262111
-0.6256987
-0.6259007
-0.6261997
-0.6328107
-0.6262369
-0.626781
-0.6270534
-0.6198415
-0.6255434
-0.62589467
-0.62795764
-0.6217631
-0.62971497
-0.6256198
-0.6319277
-0.6217904
-0.62480134
-0.6227234
-0.6250656
-0.6246829
-0.6273953
-0.6198772
-0.61740875
-0.6260126
-0.6277332
-0.62729704
-0.6223818
-0.62350714
-0.62466663
-0.6268388
-0.62201774
-0.6230658
-0.6293623
-0.627985
-0.6258763
-0.6213197
-0.6294069
-0.62554055
-0.6204475
-0.6253987
-0.621634
-0.63128656
-0.6209669
-0.6261434
-0.62715006
-0.6261359
-0.62708896
-0.627423
-0.6250855
-0.6250875
-0.6207278
-0.622782
-0.6275339
-0.6200229
-0.619616
-0.62437516
-0.62338245
-0.6260254
-0.62381405
-0.6255623
-0.6222358
-0.62416226
-0.62797433
-0.6235463
-0.62162274
-0.62585247
-0.62695956
-0.62298256
-0.6239742
-0.62505776
-0.62019616
-0.6255655
-0.62384963
-0.61854696
-0.62546027
-0.62206095
-0.62683266
-0.6252866
-0.621308
-0.6257264
-0.6251025
-0.6232383
-0.628175
-0.62088144
-0.62610066
-0.61912
-0.62276095
-0.624105
-0.62698025
-0.6229302
-0.6269709
-0.6171561
-0.6205421
-0.6248506
-0.62097603
-0.62515104
-0.62378967
-0.6280963
-0.62479246
-0.6241126
-0.6235776
-0.6203375
-0.6229333
-0.6267732
-0.6237585
-0.6257839
-0.62313336
-0.619359
-0.6290943
-0.62095785
-0.6215586
-0.62719434
-0.62219363
-0.624404
-0.62653124
-0.623664
-0.62247413
-0.62351155
-0.62628615
-0.6259023
-0.62474626
-0.6242832
-0.6153094
-0.62061614
-0.6192755
-0.62305135
-0.6308508
-0.6252441
-0.6195901
-0.62570596
-0.62533146
-0.6250311
-0.62679046
-0.619362
-0.6242187
-0.62686145
-0.62455374
-0.6241459
-0.6208569
-0.62668777
-0.62435716
-0.6265661
-0.6241249
-0.6232554
-0.62366253
-0.624928
-0.6256524
-0.6251352
-0.6180378
-0.62265515
-0.6197666
-0.62490755
-0.628355
-0.62157226
-0.6249513
-0.6196179
-0.6227214
-0.62441504
-0.62745523
-0.6244244
-0.62022865
-0.6263857
-0.62307703
-0.62418693
-0.6267804
-0.62376505
-0.623984
-0.6245497
-0.62290317
-0.62180495
-0.624612
-0.62155926
-0.62110186
-0.62205195
-0.62181044
-0.62198955
-0.6265409
-0.6234103
-0.6230727
-0.6244506
-0.6226826
-0.6235314
-0.6253633
-0.626251
-0.62164676
-0.619178
-0.6200206
-0.62627065
-0.6242807
-0.62306845
-0.6192773
-0.6200825
-0.6170358
-0.6274315
-0.6232154
-0.6217093
-0.62508446
-0.62379736
-0.623717
-0.6247469
-0.6217709
-0.62462926
-0.6238406
-0.6232062
-0.62647015
-0.62618226
-0.6260109
-0.61831474
-0.6226971
-0.62251854
-0.62067395
-0.62317246
-0.6245777
-0.62716705
-0.6319236
-0.619506
-0.6280908
-0.6178309
-0.6214129
-0.620939
-0.63017005
-0.6262572
-0.6276327
-0.6301257
-0.623864
-0.62674594
-0.62068766
-0.62000084
-0.62112933
-0.6194516
-0.6212119
-0.6251581
-0.62988824
-0.6228666
-0.6240402
-0.6252663
-0.6245085
-0.62220126
-0.62410176
-0.62360966
-0.6220262
-0.6197984
-0.6250073
-0.6289351
-0.62127876
-0.6161285
-0.6271743
-0.6278446
-0.6235364
-0.6251716
-0.6220085
-0.6269891
-0.6237345
-0.62776774
-0.6238297
-0.6233549
-0.62487686
-0.6160951
-0.6283894
-0.62425977
-0.62352234
-0.61820453
-0.62322706
-0.62292504
-0.6208245
-0.62478244
-0.6195973
-0.6225422
-0.6254293
-0.6225205
-0.6225153
-0.62146103
-0.6232558
-0.62635785
-0.6205965
-0.62303
-0.62480956
-0.62597907
-0.6219365
-0.62638795
-0.6219903
-0.6229198
-0.6233743
-0.6190506
-0.61917496
-0.62213653
-0.618018
-0.6262523
-0.62411535
-0.62612706
-0.6232495
-0.6240689
-0.62128013
-0.6280406
-0.6200716
-0.62217635
-0.6207829
-0.62352
-0.6245961
-0.6270411
-0.6267623
-0.6195766
-0.6256095
-0.6153913
-0.6286946
-0.61847574
-0.62643117
-0.6200735
-0.62982345
-0.62239426
-0.6220071
-0.62332505
-0.62626004
-0.6252354
-0.6255551
-0.62199396
-0.62257993
-0.62454283
-0.622846
-0.6255025
-0.6203329
-0.6252485
-0.6253576
-0.62155664
-0.62401825
-0.62224525
-0.6242846
-0.6213217
-0.6297063
-0.6243507
-0.6214302
-0.61561203
-0.61822826
-0.6246026
-0.6298298
-0.6292404
-0.6215378
-0.6225485
-0.6245653
-0.6165374
-0.6217447
-0.6196497
-0.6214687
-0.62390333
-0.62338
-0.62616515
-0.6240633
-0.61847603
-0.61726207
-0.6226785
-0.6236828
-0.62413716
-0.6237913
-0.6146526
-0.6204221
-0.6246154
-0.62797266
-0.6255173
-0.61941993
-0.62728125
-0.6213842
-0.623625
-0.625555
-0.6200551
-0.6214629
-0.6231838
-0.62328225
-0.6232984
-0.62196374
-0.623459
-0.6186727
-0.62238747
-0.6267106
-0.6228457
-0.6225738
-0.6226061
-0.62316597
-0.6241219
-0.6228771
-0.6239489
-0.6265444
-0.6245215
-0.623099
-0.62165666
-0.624326
-0.61569434
-0.6231882
-0.6197989
-0.6279514
-0.6201052
-0.6204315
-0.62452793
-0.625282
-0.61721766
-0.6211455
-0.6225643
-0.62289065
-0.62270385
-0.61725515
-0.62263596
-0.619347
-0.6259923
-0.62261057
-0.62238365
-0.62383676
-0.6223613
-0.623855
-0.61520857
-0.6217391
-0.6257573
-0.6218299
-0.62498295
-0.6209896
-0.6231236
-0.6212434
-0.62150437
-0.6196702
-0.62348855
-0.6218348
-0.62436664
-0.6199807
-0.6231469
-0.61990124
-0.62654966
-0.61970353
-0.6241509
-0.6206836
-0.62166464
-0.6222312
-0.6144524
-0.6252201
-0.62246203
-0.6270139
-0.6224607
-0.62741154
-0.62757015
-0.6282471
-0.6223166
-0.6203026
-0.62475806
-0.62043303
-0.6225185
-0.6235996
-0.6229072
-0.62480634
-0.6206462
-0.61707044
-0.62383264
-0.6167374
-0.62611103
-0.625125
-0.6224325
-0.6196094
-0.624857
-0.62391615
-0.62373716
-0.61924875
-0.6257501
-0.61513364
-0.6288021
-0.6274506
-0.6230936
-0.6253238
-0.62092364
-0.62031037
-0.6243872
-0.62258947
-0.62868583
-0.6190793
-0.62146026
-0.6216305
-0.6230601
-0.61459917
-0.62089646
-0.62209207
-0.62335837
-0.62142956
-0.6205953
-0.6242501
-0.6252846
-0.6232592
-0.6204065
-0.6153525
-0.6255552
-0.62275046
-0.6228912
-0.6154371
-0.6241806
-0.6165412
-0.6233091
-0.61845034
-0.61817014
-0.6182895
-0.6225333
-0.61844337
-0.62615836
-0.6256868
-0.62336814
-0.6209196
-0.6252909
-0.6252024
-0.62239105
-0.62452793
-0.61774385
-0.62294126
-0.6214809
-0.61942035
-0.6194625
-0.619424
-0.6244244
-0.6209373
-0.622379
-0.62526846
-0.6231337
-0.62267774
-0.6200929
-0.6248939
-0.62378347
-0.62357
-0.6234442
-0.61999863
-0.618983
-0.62156755
-0.6229233
-0.6218582
-0.6224778
-0.6195399
-0.61933863
-0.61981684
-0.62430817
-0.6234457
-0.62366325
-0.6282067
-0.62139106
-0.6248118
-0.62274075
-0.6191467
-0.6196827
-0.6224876
-0.6185533
-0.6199102
-0.62586564
-0.62467873
-0.61761355
-0.62042606
-0.6250421
-0.6204852
-0.61841345
-0.6184443
-0.6228732
-0.6235275
-0.6303804
-0.61920786
-0.6246744
-0.6220237
-0.6211756
-0.6163464
-0.6230838
-0.625219
-0.62215185
-0.61989856
-0.6222183
-0.61965233
-0.6273495
-0.62221956
-0.6184258
-0.62691814
-0.6255092
-0.6214821
-0.6172214
-0.6229645
-0.62074393
-0.6274866
-0.6199491
-0.61971545
-0.62168735
-0.6255017
-0.629251
-0.6224643
-0.6244287
-0.62202513
-0.6190661
-0.62560487
-0.62315106
-0.6213103
-0.61953276
-0.6264074
-0.62022644
-0.62329453
-0.62630033
-0.618792
-0.62148756
-0.6226486
-0.62374026
-0.6240635
-0.6191906
-0.6186867
-0.624131
-0.62529576
-0.6205152
-0.6199918
-0.6217044
-0.6178597
-0.6222204
-0.61717606
-0.61861926
-0.62466735
-0.6181832
-0.62447727
-0.62127423
-0.6184245
-0.6206369
-0.6225098
-0.62240416
-0.62396485
-0.6212827
-0.62795854
-0.61664593
-0.62055385
-0.6202892
-0.6234008
-0.621784
-0.61955804
-0.6232738
-0.62343687
-0.6221558
-0.62627983
-0.62031597
-0.6200106
-0.61728024
-0.62254304
-0.6226914
-0.619515
-0.62487835
-0.6235201
-0.6246928
-0.6203641
-0.6232698
-0.61998254
-0.618808
-0.61379015
-0.61909485
-0.62265307
-0.6172373
-0.62166464
-0.62300307
-0.61779284
-0.62311643
-0.6206317
-0.62001354
-0.6237927
-0.6222969
-0.62554634
-0.6215106
-0.620229
-0.62270147
-0.6229425
-0.6227104
-0.6250402
-0.6195498
-0.61788034
-0.6206657
-0.62622184
-0.6213118
-0.621994
-0.61902374
-0.62649506
-0.62440556
-0.62729615
-0.62456
-0.61664253
-0.6231011
-0.62281406
-0.61828536
-0.6177586
-0.62516993
-0.61923146
-0.62558055
-0.6199173
-0.62132365
