-0.69301987
-0.6930088
-0.6924464
-0.6920311
-0.6914928
-0.6908722
-0.68854284
-0.6856064
-0.68080914
-0.67566645
-0.67046344
-0.6665737
-0.6653724
-0.6625127
-0.6595266
-0.6575335
-0.6589163
-0.65195245
-0.65460396
-0.65248424
-0.64973927
-0.64948046
-0.65123487
-0.6491158
-0.6484158
-0.64554703
-0.6467479
-0.6479481
-0.64383024
-0.6401478
-0.63959736
-0.6411013
-0.638719
-0.63729227
-0.6368895
-0.6383905
-0.63607126
-0.6366646
-0.6378796
-0.63451505
-0.6353367
-0.6319145
-0.63379866
-0.6348737
-0.633994
-0.6317804
-0.6339102
-0.6339062
-0.63299584
-0.6314029
-0.6282082
-0.62924945
-0.63081014
-0.6250398
-0.62878424
-0.63240683
-0.6290406
-0.62662745
-0.63123226
-0.6296095
-0.6274074
-0.62456626
-0.62906885
-0.62455094
-0.62723523
-0.6296272
-0.6277451
-0.62325186
-0.62119305
-0.6256883
-0.6290354
-0.6252281
-0.6233698
-0.62892044
-0.62478125
-0.62230855
-0.624696
-0.623126
-0.62478155
-0.62393266
-0.6245004
-0.62201065
-0.62144333
-0.62355846
-0.621964
-0.6240176
-0.62368
-0.62590873
-0.62361467
-0.6207309
-0.6199992
-0.62105733
-0.62580115
-0.6196575
-0.6187277
-0.61550367
-0.62098926
-0.6190349
-0.6182901
-0.6225872
-0.6154002
-0.62431663
-0.6210615
-0.6222054
-0.62283033
-0.6237068
-0.61902106
-0.6182846
-0.61599296
-0.61811006
-0.6214893
-0.61558247
-0.61285186
-0.6143564
-0.6181247
-0.6189457
-0.6200533
-0.61630315
-0.62239254
-0.6177516
-0.61709124
-0.613745
-0.6139427
-0.61340404
-0.61870986
-0.6191546
-0.61842966
-0.61774623
-0.61547416
-0.61583376
-0.6153082
-0.61884725
-0.6190538
-0.6166627
-0.6167405
-0.62221205
-0.61579233
-0.6183032
-0.61617154
-0.6161619
-0.6141205
-0.6148771
-0.61717886
-0.61722237
-0.6162924
-0.6176963
-0.6160025
-0.6129774
-0.6156296
-0.6127154
-0.61178124
-0.6172239
-0.6161654
-0.6174912
-0.6222847
-0.6148609
-0.617489
-0.61625165
-0.61584586
-0.61064357
-0.61046004
-0.6128383
-0.61888814
-0.6156939
-0.61349636
-0.60969865
-0.61952746
-0.6153291
-0.6155473
-0.61644185
-0.6150235
-0.6120784
-0.61313754
-0.6182977
-0.61806
-0.61829096
-0.61318666
-0.6149269
-0.614714
-0.61312723
-0.61841655
-0.6143914
-0.60826004
-0.6151296
-0.61426735
-0.6165304
-0.6117317
-0.61404824
-0.6174689
-0.61360854
-0.61162335
-0.616389
-0.60621977
-0.61392117
-0.61668193
-0.6195869
-0.6104884
-0.60554796
-0.614774
-0.61288196
-0.61282295
-0.612215
-0.6144983
-0.6144752
-0.61605513
-0.6118313
-0.61445576
-0.6094901
-0.6120828
-0.6138419
-0.61168516
-0.61093587
-0.61266154
-0.61244404
-0.61208445
-0.6164482
-0.615562
-0.61056954
-0.61256474
-0.6137733
-0.61274666
-0.61685926
-0.6156756
-0.6110014
-0.61441463
-0.6127046
-0.61495006
-0.61124593
-0.61185545
-0.61213493
-0.6191589
-0.6114176
-0.60991335
-0.6141868
-0.61092174
-0.6163432
-0.6117479
-0.61210525
-0.6086253
-0.61151034
-0.6106052
-0.610358
-0.6130526
-0.6162608
-0.61179006
-0.6147055
-0.61448103
-0.61026746
-0.60821235
-0.6112973
-0.6087499
-0.61219615
-0.61204576
-0.6168191
-0.6132414
-0.60492605
-0.615734
-0.6078009
-0.61237735
-0.61664134
-0.61666393
-0.60811955
-0.61053514
-0.610191
-0.6148453
-0.61027104
-0.61326325
-0.6113098
-0.6116412
-0.6092993
-0.60582197
-0.6119164
-0.61129004
-0.6094057
-0.6112207
-0.6165994
-0.61413753
-0.612281
-0.60721344
-0.6141064
-0.61383927
-0.61428225
-0.611304
-0.6119827
-0.6118791
-0.6105068
-0.61304325
-0.61141795
-0.6100727
-0.61297256
-0.6148722
-0.60697794
-0.6090968
-0.60560995
-0.61072654
-0.6138076
-0.6120627
-0.6124806
-0.6110399
-0.60654676
-0.6086406
-0.6096922
-0.6103859
-0.60849065
-0.6070749
-0.61268866
-0.6099894
-0.6050638
-0.6132082
-0.60771424
-0.61159927
-0.6117303
-0.61100835
-0.6088454
-0.6118219
-0.6068733
-0.60421747
-0.61401886
-0.6052338
-0.6080977
-0.6084438
-0.60847425
-0.60496426
-0.6121423
-0.6116789
-0.61463964
-0.6117984
-0.6069958
-0.612385
-0.6062791
-0.6134209
-0.6120858
-0.6112989
-0.61115617
-0.6135661
-0.6091865
-0.60981506
-0.6173713
-0.60965794
-0.61020106
-0.6105601
-0.6143898
-0.61434877
-0.6082
-0.6117938
-0.6098374
-0.611703
-0.6139366
-0.60774356
-0.6041212
-0.6086376
-0.6154835
-0.6025674
-0.6103652
-0.61177427
-0.613072
-0.6017574
-0.6135155
-0.61198646
-0.61069643
-0.60690725
-0.60673577
-0.61042506
-0.6080644
-0.60750556
-0.60729086
-0.6099219
-0.60356164
-0.6039583
-0.61070627
-0.61044616
-0.6084894
-0.60787445
-0.60769874
-0.6100307
-0.6136058
-0.6098436
-0.6113272
-0.60991013
-0.6080399
-0.61164486
-0.60875386
-0.61221
-0.6126599
-0.6105329
-0.6094113
-0.61125314
-0.6058767
-0.60930705
-0.60915756
-0.6122745
-0.60967416
-0.61123794
-0.6120211
-0.6059022
-0.6014838
-0.60778403
-0.61254877
-0.610951
-0.6047459
-0.60628265
-0.6074357
-0.609858
-0.60795933
-0.6050746
-0.61061054
-0.60665876
-0.61082846
-0.60959363
-0.6073163
-0.6129245
-0.61487436
-0.6058891
-0.61329526
-0.6083912
-0.6082316
-0.61402744
-0.6061099
-0.6033997
-0.6038959
-0.6047089
-0.6051525
-0.61609584
-0.6125899
-0.6108082
-0.6042702
-0.60590935
-0.6082867
-0.6028979
-0.6115552
-0.61465734
-0.6119811
-0.61185914
-0.6110825
-0.6100906
-0.61002314
-0.6076239
-0.6094517
-0.6090395
-0.61308175
-0.6116344
-0.6050772
-0.6076229
-0.60682464
-0.6078824
-0.6063626
-0.60177135
-0.6080153
-0.6095215
-0.6137368
-0.61017245
-0.61225796
-0.61067015
-0.60553753
-0.6130707
-0.607255
-0.6162602
-0.61214256
-0.60607225
-0.61125344
-0.6005326
-0.60479623
-0.60806125
-0.60692745
-0.61189884
-0.61120933
-0.6051734
-0.6129525
-0.61156
-0.6083244
-0.6086345
-0.60849994
-0.611458
-0.61264664
-0.6071675
-0.6086211
-0.6087142
-0.60586333
-0.6043432
-0.61190695
-0.6121716
-0.6057934
-0.61085945
-0.6169523
-0.6087277
-0.6062762
-0.61123663
-0.6046515
-0.6068005
-0.60799915
-0.6034404
-0.60698605
-0.603424
-0.6068756
-0.6061058
-0.61415195
-0.6100375
-0.6039453
-0.6054537
-0.6109125
