-0.69257575
-0.6807491
-0.65165436
-0.6451071
-0.69257575
-0.6807491
-0.65165436
-0.6451071
-0.63464725
-0.62893975
-0.625077
-0.6264071
-0.62106705
-0.6241417
-0.62864256
-0.6202662
-0.6201177
-0.6126048
-0.61745495
-0.61742055
-0.61753446
-0.6156861
-0.62244785
-0.6173293
-0.6202507
-0.615175
-0.6174141
-0.61771435
-0.6200978
-0.61371905
-0.6131281
-0.61328846
-0.61172533
-0.6110382
-0.6150918
-0.61739117
-0.6144594
-0.61592776
-0.6155275
-0.61440444
-0.60667604
-0.61462754
-0.6106133
-0.6142164
-0.6093267
-0.6146151
-0.61307037
-0.6070979
-0.61849654
-0.60764563
-0.61305624
-0.6109781
-0.6059254
-0.61038035
-0.6105537
-0.61158496
-0.6084089
-0.6138012
-0.60985965
-0.6096724
-0.6139517
-0.6067807
-0.60514855
-0.60408115
-0.61011523
-0.61419225
-0.60847837
-0.60359097
-0.615171
-0.6069368
-0.60947806
-0.6046091
-0.6086979
-0.6119701
-0.6055854
-0.6072171
-0.6043377
-0.6098865
-0.6105262
-0.60966814
-0.60596687
-0.6070871
-0.61093915
-0.6113499
-0.60721487
-0.61157024
-0.6085828
-0.6117719
-0.60617447
-0.605925
-0.6116222
-0.6092783
-0.609522
-0.60914904
-0.6007439
-0.60675085
-0.60708606
-0.61142105
-0.60684055
-0.6063999
-0.60631305
-0.60867745
-0.61027336
-0.6063609
-0.609388
-0.60303694
-0.60001826
-0.61063546
-0.603573
-0.6063023
-0.6049177
-0.61233085
-0.6022785
-0.60817724
-0.604156
-0.60448426
-0.60917926
-0.6074302
-0.6019958
-0.60663265
-0.6000381
-0.60065746
-0.60356486
-0.6064457
-0.60119796
-0.60088223
-0.60251856
-0.6067446
-0.6065779
-0.6056398
-0.60304385
-0.60584986
-0.6049011
-0.6036704
-0.6053736
-0.6079435
-0.60419166
-0.6063877
-0.6076709
-0.6053707
-0.6092324
-0.60595727
-0.6083819
-0.6080466
-0.6061896
-0.6051344
-0.60508865
-0.60549974
-0.5998097
-0.60262316
-0.6000948
-0.6030851
-0.6056645
-0.6050909
-0.6009082
-0.6069505
-0.6048107
-0.6024212
-0.60489166
-0.6051034
-0.60749346
-0.6033669
-0.60706687
-0.6087349
-0.60294056
-0.60481906
-0.6053288
-0.6085134
-0.6054655
-0.59804326
-0.6040347
-0.60072684
-0.6056387
-0.60685825
-0.6032122
-0.60394835
-0.6073738
-0.6068238
-0.6065237
-0.60195166
-0.6030074
-0.6014231
-0.6031063
-0.60725695
-0.5994315
-0.60737306
-0.61061877
-0.6046024
-0.60135275
-0.6034304
-0.59808546
-0.6105408
-0.6033564
-0.60682774
-0.60905963
-0.60511816
-0.6051995
-0.5990554
-0.60328484
-0.6025871
-0.604722
-0.6027753
-0.60033005
-0.60814285
-0.6007126
-0.6080854
-0.6086762
-0.61087435
-0.6094009
-0.6044047
-0.60311586
-0.6041376
-0.6074019
-0.60752344
-0.60261256
-0.6071155
-0.6025123
-0.59510785
-0.6032132
-0.6011409
-0.60226107
-0.598092
-0.6048344
-0.6055515
-0.6046584
-0.5995872
-0.60324985
-0.6012413
-0.6047847
-0.6086909
-0.6078008
-0.6014048
-0.604108
-0.6020781
-0.60935044
-0.6034039
-0.6022948
-0.6006892
-0.6030086
-0.5995841
-0.60490876
-0.60157454
-0.60451883
-0.6079212
-0.6006506
-0.60594684
-0.60761976
-0.60255456
-0.60239786
-0.60374653
-0.60421777
-0.6017883
-0.60802716
-0.60155195
-0.6043053
-0.6014804
-0.60729617
-0.6062711
-0.6044948
-0.6019032
-0.6002475
-0.60715634
-0.60386515
-0.60156816
-0.602594
-0.6076109
-0.60435647
-0.6027102
-0.6044635
-0.6036048
-0.6062707
-0.6029646
-0.6027754
-0.606553
-0.603298
-0.5981839
-0.6040439
-0.59982413
-0.6011208
-0.5998337
-0.5994888
-0.60545796
-0.60317767
-0.6010522
-0.59692705
-0.6008033
-0.6053457
-0.59846354
-0.60662276
-0.60271764
-0.60782397
-0.600102
-0.61137086
-0.5980281
-0.60636944
-0.6047615
-0.60741085
-0.60568064
-0.5967545
-0.6051032
-0.5983196
-0.60364425
-0.5998151
-0.60582405
-0.69257575
-0.6807491
-0.65165436
-0.6451071
-0.63464725
-0.62893975
-0.625077
-0.6264071
-0.62106705
-0.6241417
-0.62864256
-0.6202662
-0.6201177
-0.6126048
-0.61745495
-0.61742055
-0.61753446
-0.6156861
-0.62244785
-0.6173293
-0.6202507
-0.615175
-0.6174141
-0.61771435
-0.6200978
-0.61371905
-0.6131281
-0.61328846
-0.61172533
-0.6110382
-0.6150918
-0.61739117
-0.6144594
-0.61592776
-0.6155275
-0.61440444
-0.60667604
-0.61462754
-0.6106133
-0.6142164
-0.6093267
-0.6146151
-0.61307037
-0.6070979
-0.61849654
-0.60764563
-0.61305624
-0.6109781
-0.6059254
-0.61038035
-0.6105537
-0.61158496
-0.6084089
-0.6138012
-0.60985965
-0.6096724
-0.6139517
-0.6067807
-0.60514855
-0.60408115
-0.61011523
-0.61419225
-0.60847837
-0.60359097
-0.615171
-0.6069368
-0.60947806
-0.6046091
-0.6086979
-0.6119701
-0.6055854
-0.6072171
-0.6043377
-0.6098865
-0.6105262
-0.60966814
-0.60596687
-0.6070871
-0.61093915
-0.6113499
-0.60721487
-0.61157024
-0.6085828
-0.6117719
-0.60617447
-0.605925
-0.6116222
-0.6092783
-0.609522
-0.60914904
-0.6007439
-0.60675085
-0.60708606
-0.61142105
-0.60684055
-0.6063999
-0.60631305
-0.60867745
-0.61027336
-0.6063609
-0.609388
-0.60303694
-0.60001826
-0.61063546
-0.603573
-0.6063023
-0.6049177
-0.61233085
-0.6022785
-0.60817724
-0.604156
-0.60448426
-0.60917926
-0.6074302
-0.6019958
-0.60663265
-0.6000381
-0.60065746
-0.60356486
-0.6064457
-0.60119796
-0.60088223
-0.60251856
-0.6067446
-0.6065779
-0.6056398
-0.60304385
-0.60584986
-0.6049011
-0.6036704
-0.6053736
-0.6079435
-0.60419166
-0.6063877
-0.6076709
-0.6053707
-0.6092324
-0.60595727
-0.6083819
-0.6080466
-0.6061896
-0.6051344
-0.60508865
-0.60549974
-0.5998097
-0.60262316
-0.6000948
-0.6030851
-0.6056645
-0.6050909
-0.6009082
-0.6069505
-0.6048107
-0.6024212
-0.60489166
-0.6051034
-0.60749346
-0.6033669
-0.60706687
-0.6087349
-0.60294056
-0.60481906
-0.6053288
-0.6085134
-0.6054655
-0.59804326
-0.6040347
-0.60072684
-0.6056387
-0.60685825
-0.6032122
-0.60394835
-0.6073738
-0.6068238
-0.6065237
-0.60195166
-0.6030074
-0.6014231
-0.6031063
-0.60725695
-0.5994315
-0.60737306
-0.61061877
-0.6046024
-0.60135275
-0.6034304
-0.59808546
-0.6105408
-0.6033564
-0.60682774
-0.60905963
-0.60511816
-0.6051995
-0.5990554
-0.60328484
-0.6025871
-0.604722
-0.6027753
-0.60033005
-0.60814285
-0.6007126
-0.6080854
-0.6086762
-0.61087435
-0.6094009
-0.6044047
-0.60311586
-0.6041376
-0.6074019
-0.60752344
-0.60261256
-0.6071155
-0.6025123
-0.59510785
-0.6032132
-0.6011409
-0.60226107
-0.598092
-0.6048344
-0.6055515
-0.6046584
-0.5995872
-0.60324985
-0.6012413
-0.6047847
-0.6086909
-0.6078008
-0.6014048
-0.604108
-0.6020781
-0.60935044
-0.6034039
-0.6022948
-0.6006892
-0.6030086
-0.5995841
-0.60490876
-0.60157454
-0.60451883
-0.6079212
-0.6006506
-0.60594684
-0.60761976
-0.60255456
-0.60239786
-0.60374653
-0.60421777
-0.6017883
-0.60802716
-0.60155195
-0.6043053
-0.6014804
-0.60729617
-0.6062711
-0.6044948
-0.6019032
-0.6002475
-0.60715634
-0.60386515
-0.60156816
-0.602594
-0.6076109
-0.60435647
-0.6027102
-0.6044635
-0.6036048
-0.6062707
-0.6029646
-0.6027754
-0.606553
-0.603298
-0.5981839
-0.6040439
-0.59982413
-0.6011208
-0.5998337
-0.5994888
-0.60545796
-0.60317767
-0.6010522
-0.59692705
-0.6008033
-0.6053457
-0.59846354
-0.60662276
-0.60271764
-0.60782397
-0.600102
-0.61137086
-0.5980281
-0.60636944
-0.6047615
-0.60741085
-0.60568064
-0.5967545
-0.6051032
-0.5983196
-0.60364425
-0.5998151
-0.60582405
