-0.61659056
-0.6130088
-0.61979365
-0.6107717
-0.61135924
-0.6168774
-0.61407405
-0.6107666
-0.60866314
-0.60755205
-0.6119974
-0.6127303
-0.6114252
-0.6152296
-0.61318165
-0.61418414
-0.61230713
-0.61121124
-0.6061833
-0.6142238
-0.6074617
-0.613026
-0.61267287
-0.6058179
-0.6120848
-0.60645694
-0.60987025
-0.6110557
-0.61014146
-0.61237556
-0.6097318
-0.6084346
-0.6087859
-0.6042402
-0.60675365
-0.6056415
-0.6096419
-0.61323655
-0.6031076
-0.6081182
-0.6032493
-0.6057876
-0.6085374
-0.60435826
-0.61312914
-0.6095419
-0.6096559
-0.6103525
-0.605919
-0.6038531
-0.6058588
-0.6018955
-0.6094852
-0.6019541
-0.6007811
-0.61120975
-0.60290414
-0.6100985
-0.6086155
-0.6043161
-0.6011405
-0.60178
-0.6089154
-0.60376054
-0.6026637
-0.60518247
-0.6039114
-0.6045029
-0.6000682
-0.5993181
-0.6058761
-0.6042545
-0.607254
-0.6012364
-0.60641825
-0.602339
-0.60299593
-0.5987539
-0.59558856
-0.6041654
-0.6033461
-0.60396403
-0.6080032
-0.60156447
-0.60010475
-0.60567915
-0.60668725
-0.5992092
-0.6002412
-0.6053493
-0.6001953
-0.60290724
-0.6017861
-0.60109085
-0.60186744
-0.5974601
-0.5997074
-0.59967315
-0.5976061
-0.5948307
-0.6051293
-0.60063505
-0.60138047
-0.6026481
-0.6039905
-0.6011692
-0.5993869
-0.60136586
-0.59651333
-0.6016268
-0.59753877
-0.60051125
-0.60466784
-0.60004145
-0.6030774
-0.6036083
-0.6003453
-0.595725
-0.60243464
-0.6056505
-0.6029934
-0.6009842
-0.59454095
-0.60766447
-0.5998347
-0.6048375
-0.6036819
-0.5981497
-0.60178834
-0.60130906
-0.6023886
-0.5984104
-0.6066349
-0.5987562
-0.60304284
-0.5993588
-0.59475726
-0.5984767
-0.5995346
-0.6004646
-0.6009967
-0.59883606
-0.59934473
-0.5914488
-0.5954107
-0.59717834
-0.5969561
-0.5997389
-0.60140026
-0.5996925
-0.6000498
-0.5994123
-0.60150236
-0.60478556
-0.60366917
-0.60605454
-0.6006625
-0.59495646
-0.5989159
-0.59487075
-0.5942433
-0.5965758
-0.59778863
-0.6007062
-0.59878683
-0.6026443
-0.592853
-0.604267
-0.59665763
-0.60054785
-0.60286045
-0.6025197
-0.6015167
-0.5962261
-0.60255635
-0.60001326
-0.59373647
-0.6053377
-0.59414744
-0.6007175
-0.597941
-0.6051042
-0.59580255
-0.5990262
-0.60268486
-0.5972817
-0.598916
-0.6016383
-0.60340625
-0.59876966
-0.5952196
-0.6040084
-0.60560614
-0.600933
-0.601425
-0.59894866
-0.6008137
-0.5964185
-0.59872514
-0.6003208
-0.5995052
-0.59586084
-0.60144407
-0.59975547
-0.6030434
-0.60649705
-0.60339063
-0.5970276
-0.59769434
-0.5989914
-0.59954685
-0.6056805
-0.6006028
-0.5994287
-0.59851646
-0.59904057
-0.6030158
-0.59338003
-0.59927917
-0.5968927
-0.59979576
-0.5996971
-0.59658396
-0.5996168
-0.5993537
-0.5988041
-0.59888893
-0.60025835
-0.60085475
-0.60193986
-0.6062944
-0.59976673
-0.5963907
-0.59430635
-0.6016034
-0.60055566
-0.6043819
-0.60195756
-0.5989851
-0.5948909
-0.59729296
-0.6033889
-0.59475124
-0.60590976
-0.5973753
-0.6001491
-0.60018903
-0.6073382
-0.60054964
-0.59815747
-0.60112125
-0.5974876
-0.6016855
-0.597052
-0.59895426
-0.5977363
-0.6021486
-0.5964156
-0.60370934
-0.6064346
-0.6015948
-0.6058502
-0.6018715
-0.5947602
-0.5930865
-0.59832215
-0.59976995
-0.59407187
-0.59479326
-0.59636533
-0.5940572
-0.6043277
-0.6049756
-0.593909
-0.6014159
-0.6016394
-0.596475
-0.59994644
-0.60363597
-0.60130596
-0.6011942
-0.60039294
-0.5978216
-0.5961657
-0.60679525
-0.5993055
-0.6053806
-0.5949326
-0.59844446
-0.59913373
-0.60051656
-0.59730864
-0.60468316
-0.59843177
-0.59863657
-0.60151595
-0.5991187
-0.5899297
-0.60625404
-0.6000223
-0.59893197
-0.601072
-0.59943736
-0.597038
-0.60387033
-0.60202384
-0.6001284
-0.60574347
-0.6014006
-0.6051549
-0.6026078
-0.59654903
-0.6011843
-0.5997631
-0.6026678
-0.59800535
-0.59691715
-0.59675634
-0.60103923
-0.5972881
-0.5996763
-0.5994317
-0.60237825
-0.59837264
-0.5993919
-0.5955521
-0.59989244
-0.60166055
-0.5968926
-0.5959341
-0.5991728
-0.5999541
-0.59211093
-0.6043213
-0.5998097
-0.60236
-0.5948316
-0.5994036
-0.60649693
-0.6049918
-0.6003824
-0.596719
-0.59793776
-0.5978946
-0.59661746
-0.59744614
-0.60031223
-0.60569394
-0.60377085
-0.5995978
-0.6004329
-0.59882367
-0.5930484
-0.60537666
-0.6003912
-0.6007207
-0.5979065
-0.6007962
-0.6028326
-0.5961071
-0.5977376
-0.5972773
-0.6021324
-0.59748733
-0.60267615
-0.5977931
-0.6016898
-0.6017903
-0.6051271
-0.60364646
-0.60100615
-0.6019814
-0.6006583
-0.59584373
-0.5940708
-0.5981896
-0.59894425
-0.5945664
-0.6067998
-0.5956182
-0.5999021
-0.5993353
-0.5980592
-0.5986794
-0.5966371
-0.6004643
-0.59886795
-0.6065859
-0.59578
-0.59676415
-0.6050837
-0.60159725
-0.6038835
-0.6008501
-0.59725505
-0.59534293
-0.59862816
-0.59544617
-0.5996885
-0.6005174
-0.5947728
-0.59668076
-0.5978264
-0.59681
-0.5969255
-0.59601146
-0.60228646
-0.5981541
-0.5941702
-0.5969573
-0.60061514
-0.5976422
-0.59709626
-0.5970148
-0.5941731
-0.5936278
-0.6024761
-0.60432327
-0.59951425
-0.59554935
-0.59249204
-0.6042778
-0.60079885
-0.59928006
-0.5999886
-0.6042206
-0.60133964
-0.60190266
-0.6077549
-0.6056622
-0.6008758
-0.59543926
-0.59646595
-0.5973237
-0.5957749
-0.5986906
-0.60390645
-0.596618
-0.603997
-0.6007172
-0.59484726
-0.6024429
-0.59622043
-0.5968412
-0.59594905
-0.6006269
-0.5968661
-0.60090446
-0.59986883
-0.5998259
-0.59991574
-0.6001134
-0.59993863
-0.59890276
-0.60149556
-0.60242563
-0.5968027
-0.5992038
-0.59810466
-0.5983468
-0.592775
-0.6007408
-0.5975378
-0.5977346
-0.6001636
-0.59926605
-0.5978986
-0.602855
-0.59961945
-0.59462893
-0.5952798
-0.6002202
-0.5983202
-0.5978001
-0.599919
-0.59360254
-0.60163224
-0.60273105
-0.59492975
-0.59943473
-0.59721833
-0.6014039
-0.60226786
-0.59976506
-0.60177433
-0.6001652
-0.5949561
-0.597905
-0.601266
-0.5960578
-0.59892786
-0.6032874
-0.59646916
-0.60270566
-0.5974191
-0.59764034
-0.5954615
-0.6010565
-0.59527993
-0.59749043
